1717771430157 0 9
1717771430215 0 19
1717771437032 0 26
1717771443714 1 29
1717771443772 1 39
1717771443827 1 49
1717771449980 1 53
1717771456545 2 59
1717771456596 2 69
1717771456654 2 79
1717771462646 2 80
1717771469185 3 89
1717771469462 3 99
1717771475446 3 107
1717771482004 4 109
1717771482102 4 119
1717771482154 4 129
1717771488225 4 134
1717771494567 5 139
1717771494625 5 149
1717771494679 5 159
1717771500841 5 161
1717771508140 6 169
1717771508195 6 179
1717771514468 6 188
1717771521007 7 189
1717771521070 7 199
1717771521125 7 209
1717771527389 7 215
1717771533930 8 219
1717771533991 8 229
1717771534050 8 239
1717771540382 8 242
1717771546996 9 249
1717771547051 9 259
1717771547103 9 269
1717771553889 9 269
1717771560449 10 279
1717771560504 10 289
1717771566643 10 296
1717771573805 11 299
1717771573870 11 309
1717771573934 11 319
1717771580258 11 323
1717771586919 12 329
1717771586976 12 339
1717771587029 12 349
1717771593336 12 350
1717771600042 13 359
1717771600098 13 369
1717771606245 13 377
1717771612542 14 379
1717771612868 14 389
1717771612925 14 399
1717771619112 14 404
1717771625653 15 409
1717771625725 15 419
1717771625779 15 429
1717771632275 15 431
1717771639433 16 439
1717771639489 16 449
1717771645828 16 458
1717771652623 17 459
1717771652720 17 469
1717771652779 17 479
1717771659187 17 485
1717771665705 18 489
1717771665770 18 499
1717771665829 18 509
1717771672444 18 512
1717771679107 19 519
1717771679162 19 529
1717771679218 19 539
1717771685386 19 539
1717771691975 20 549
1717771692029 20 559
1717771698880 20 566
1717771705496 21 569
1717771705556 21 579
1717771705612 21 589
1717771712524 21 593
1717771719431 22 599
1717771719486 22 609
1717771719541 22 619
1717771725822 22 620
1717771732531 23 629
1717771732589 23 639
1717771738942 23 647
1717771745337 24 649
1717771745675 24 659
1717771745728 24 669
1717771752132 24 674
1717771758980 25 679
1717771759043 25 689
1717771759099 25 699
1717771766442 25 701
1717771773423 26 709
1717771773481 26 719
1717771780019 26 728
1717771786543 27 729
1717771786669 27 739
1717771786724 27 749
1717771792977 27 755
1717771799506 28 759
1717771799600 28 769
1717771799658 28 779
1717771805866 28 782
1717771812537 29 789
1717771812588 29 799
1717771812644 29 809
1717771818764 29 809
1717771826251 30 819
1717771826307 30 829
1717771832693 30 836
1717771839453 31 839
1717771839513 31 849
1717771839568 31 859
1717771845849 31 863
1717771852398 32 869
1717771852457 32 879
1717771852513 32 889
1717771858644 32 890
1717771865237 33 899
1717771865292 33 909
1717771871470 33 917
1717771877804 34 919
1717771878072 34 929
1717771878131 34 939
1717771885013 34 944
1717771891656 35 949
1717771891713 35 959
1717771891774 35 969
1717771898023 35 971
1717771904771 36 979
1717771904826 36 989
1717771911185 36 998
1717771917722 37 999
1717771917783 37 1009
1717771917835 37 1019
1717771923925 37 1025
1717771930574 38 1029
1717771930654 38 1039
1717771930713 38 1049
1717771936802 38 1052
1717771944103 39 1059
1717771944161 39 1069
1717771944211 39 1079
1717771950327 39 1079
1717771956900 40 1089
1717771956957 40 1099
1717771963392 40 1106
1717771970466 41 1109
1717771970523 41 1119
1717771970575 41 1129
1717771976841 41 1133
1717771983475 42 1139
1717771983531 42 1149
1717771983586 42 1159
1717771989962 42 1160
1717771996527 43 1169
1717771996583 43 1179
1717772002856 43 1187
1717772009324 44 1189
1717772009568 44 1199
1717772009625 44 1209
1717772015695 44 1214
1717772022320 45 1219
1717772022413 45 1229
1717772022479 45 1239
1717772029540 45 1241
1717772036259 46 1249
1717772036316 46 1259
1717772042536 46 1268
1717772049152 47 1269
1717772049231 47 1279
1717772049288 47 1289
1717772055421 47 1295
1717772062350 48 1299
1717772062471 48 1309
1717772062524 48 1319
1717772068791 48 1322
1717772075463 49 1329
1717772075520 49 1339
1717772075580 49 1349
1717772081818 49 1349
1717772089049 50 1359
1717772089108 50 1369
1717772095473 50 1376
1717772102573 51 1379
1717772102716 51 1389
1717772102779 51 1399
1717772109149 51 1403
1717772115851 52 1409
1717772115909 52 1419
1717772115963 52 1429
1717772122315 52 1430
1717772128862 53 1439
1717772128917 53 1449
1717772134986 53 1457
1717772141502 54 1459
1717772141637 54 1469
1717772141689 54 1479
1717772147877 54 1484
1717772155952 55 1489
1717772156009 55 1499
1717772156065 55 1509
1717772162095 55 1511
1717772169249 56 1519
1717772169336 56 1529
1717772176664 56 1538
1717772183593 57 1539
1717772183930 57 1549
1717772183986 57 1559
1717772190182 57 1565
1717772196554 58 1569
1717772196690 58 1579
1717772196743 58 1589
1717772204225 58 1592
1717772211153 59 1599
1717772211208 59 1609
1717772211264 59 1619
1717772217161 59 1619
