1717771430157 0.1860235035419464 9
1717771430215 0.1804492324590683 19
1717771443714 0.12550662457942963 29
1717771443772 0.17235217988491058 39
1717771443827 0.12998753786087036 49
1717771456545 0.15050581097602844 59
1717771456596 0.19028104841709137 69
1717771456654 0.19998504221439362 79
1717771469185 0.21692968904972076 89
1717771469462 0.2346617728471756 99
1717771482004 0.12114936858415604 109
1717771482102 0.1734771877527237 119
1717771482154 0.13680317997932434 129
1717771494567 0.14835524559020996 139
1717771494625 0.10186996310949326 149
1717771494679 0.11171898245811462 159
1717771508140 0.14096865057945251 169
1717771508195 0.1353360116481781 179
1717771521007 0.1257442682981491 189
1717771521070 0.15378527343273163 199
1717771521125 0.15518328547477722 209
1717771533930 0.13640359044075012 219
1717771533991 0.1272934377193451 229
1717771534050 0.14862869679927826 239
1717771546996 0.10528115928173065 249
1717771547051 0.14705073833465576 259
1717771547103 0.1597764641046524 269
1717771560449 0.13970769941806793 279
1717771560504 0.15344950556755066 289
1717771573805 0.10299179702997208 299
1717771573870 0.1301269382238388 309
1717771573934 0.09035579115152359 319
1717771586919 0.16285571455955505 329
1717771586976 0.14707529544830322 339
1717771587029 0.23765596747398376 349
1717771600042 0.1910092979669571 359
1717771600098 0.17724981904029846 369
1717771612542 0.16706828773021698 379
1717771612868 0.12902027368545532 389
1717771612925 0.0941145271062851 399
1717771625653 0.1257130354642868 409
1717771625725 0.08210211247205734 419
1717771625779 0.12024003267288208 429
1717771639433 0.09048838913440704 439
1717771639489 0.14419867098331451 449
1717771652623 0.1253531277179718 459
1717771652720 0.14139194786548615 469
1717771652779 0.17827539145946503 479
1717771665705 0.12165023386478424 489
1717771665770 0.13854561746120453 499
1717771665829 0.13768847286701202 509
1717771679107 0.2537368834018707 519
1717771679162 0.11202910542488098 529
1717771679218 0.127360999584198 539
1717771691975 0.14544369280338287 549
1717771692029 0.09374760091304779 559
1717771705496 0.12947699427604675 569
1717771705556 0.11721300333738327 579
1717771705612 0.2194947451353073 589
1717771719431 0.13670553267002106 599
1717771719486 0.14902576804161072 609
1717771719541 0.09910525381565094 619
1717771732531 0.0916091576218605 629
1717771732589 0.11406232416629791 639
1717771745337 0.15845295786857605 649
1717771745675 0.17659546434879303 659
1717771745728 0.10951761901378632 669
1717771758980 0.10854917019605637 679
1717771759043 0.11290808767080307 689
1717771759099 0.06286849826574326 699
1717771773423 0.16361698508262634 709
1717771773481 0.2252488136291504 719
1717771786543 0.10588257759809494 729
1717771786669 0.08774633705615997 739
1717771786724 0.18766459822654724 749
1717771799506 0.09972504526376724 759
1717771799600 0.09490735083818436 769
1717771799658 0.15685702860355377 779
1717771812537 0.13798300921916962 789
1717771812588 0.1355254203081131 799
1717771812644 0.1820092350244522 809
1717771826251 0.1348547637462616 819
1717771826307 0.09544233977794647 829
1717771839453 0.15265364944934845 839
1717771839513 0.10854678601026535 849
1717771839568 0.12999334931373596 859
1717771852398 0.1211448460817337 869
1717771852457 0.12918807566165924 879
1717771852513 0.1203300952911377 889
1717771865237 0.1110735610127449 899
1717771865292 0.17689894139766693 909
1717771877804 0.07718607038259506 919
1717771878072 0.08469302952289581 929
1717771878131 0.1116936132311821 939
1717771891656 0.13232040405273438 949
1717771891713 0.12115492671728134 959
1717771891774 0.10146749764680862 969
1717771904771 0.16839231550693512 979
1717771904826 0.10317818075418472 989
1717771917722 0.11140268296003342 999
1717771917783 0.0784703716635704 1009
1717771917835 0.09543275833129883 1019
1717771930574 0.09628605097532272 1029
1717771930654 0.1456483006477356 1039
1717771930713 0.13612370193004608 1049
1717771944103 0.12492874264717102 1059
1717771944161 0.16850925981998444 1069
1717771944211 0.12679290771484375 1079
1717771956900 0.14485877752304077 1089
1717771956957 0.06571051478385925 1099
1717771970466 0.17102600634098053 1109
1717771970523 0.2227208912372589 1119
1717771970575 0.09026442468166351 1129
1717771983475 0.1405314952135086 1139
1717771983531 0.17915846407413483 1149
1717771983586 0.10559087991714478 1159
1717771996527 0.11293122917413712 1169
1717771996583 0.11501512676477432 1179
1717772009324 0.12444194406270981 1189
1717772009568 0.08566492795944214 1199
1717772009625 0.056140296161174774 1209
1717772022320 0.12280597537755966 1219
1717772022413 0.1203383356332779 1229
1717772022479 0.08756224066019058 1239
1717772036259 0.13261906802654266 1249
1717772036316 0.1275632381439209 1259
1717772049152 0.1700628250837326 1269
1717772049231 0.12702231109142303 1279
1717772049288 0.13603457808494568 1289
1717772062350 0.09939665347337723 1299
1717772062471 0.06588927656412125 1309
1717772062524 0.1216253861784935 1319
1717772075463 0.09306023269891739 1329
1717772075520 0.09466265141963959 1339
1717772075580 0.12680840492248535 1349
1717772089049 0.23640650510787964 1359
1717772089108 0.14568740129470825 1369
1717772102573 0.09696748852729797 1379
1717772102716 0.0927015095949173 1389
1717772102779 0.10797769576311111 1399
1717772115851 0.10697860270738602 1409
1717772115909 0.1527981162071228 1419
1717772115963 0.17330773174762726 1429
1717772128862 0.12004273384809494 1439
1717772128917 0.12106617540121078 1449
1717772141502 0.11363773047924042 1459
1717772141637 0.10712064057588577 1469
1717772141689 0.0803297832608223 1479
1717772155952 0.22977744042873383 1489
1717772156009 0.06555596739053726 1499
1717772156065 0.10221303999423981 1509
1717772169249 0.08516888320446014 1519
1717772169336 0.10121959447860718 1529
1717772183593 0.15521378815174103 1539
1717772183930 0.08226920664310455 1549
1717772183986 0.08147331327199936 1559
1717772196554 0.08645020425319672 1569
1717772196690 0.10815856605768204 1579
1717772196743 0.091086745262146 1589
1717772211153 0.21400102972984314 1599
1717772211208 0.13366764783859253 1609
1717772211264 0.0856974720954895 1619
