1717814544850 0 9
1717814544909 0 19
1717814550854 0 23
1717814557163 1 29
1717814557223 1 39
1717814563243 1 47
1717814569403 2 49
1717814569679 2 59
1717814569739 2 69
1717814576095 2 71
1717814582509 3 79
1717814582553 3 89
1717814588493 3 95
1717814595121 4 99
1717814595192 4 109
1717814595249 4 119
1717814601460 4 119
1717814608119 5 129
1717814608169 5 139
1717814614229 5 143
1717814621086 6 149
1717814621142 6 159
1717814627281 6 167
1717814633573 7 169
1717814633842 7 179
1717814633890 7 189
1717814639945 7 191
1717814646476 8 199
1717814646531 8 209
1717814652526 8 215
1717814659059 9 219
1717814659116 9 229
1717814659166 9 239
1717814665121 9 239
1717814671617 10 249
1717814671669 10 259
1717814677703 10 263
1717814684173 11 269
1717814684226 11 279
1717814690313 11 287
1717814696593 12 289
1717814696891 12 299
1717814696941 12 309
1717814702878 12 311
1717814709377 13 319
1717814709426 13 329
1717814715430 13 335
1717814721843 14 339
1717814721983 14 349
1717814722036 14 359
1717814728209 14 359
1717814734677 15 369
1717814734728 15 379
1717814741235 15 383
1717814747621 16 389
1717814747672 16 399
1717814753666 16 407
1717814759954 17 409
1717814760166 17 419
1717814760219 17 429
1717814766092 17 431
1717814772541 18 439
1717814772592 18 449
1717814778648 18 455
1717814785229 19 459
1717814785285 19 469
1717814785335 19 479
1717814791972 19 479
1717814798500 20 489
1717814798552 20 499
1717814804705 20 503
1717814811285 21 509
1717814811341 21 519
1717814817393 21 527
1717814823710 22 529
1717814823987 22 539
1717814824042 22 549
1717814830155 22 551
1717814837058 23 559
1717814837118 23 569
1717814843191 23 575
1717814849713 24 579
1717814849767 24 589
1717814849819 24 599
1717814856162 24 599
1717814862710 25 609
1717814862763 25 619
1717814868800 25 623
1717814875499 26 629
1717814875571 26 639
1717814881743 26 647
1717814888047 27 649
1717814888262 27 659
1717814888317 27 669
1717814894385 27 671
1717814901113 28 679
1717814901162 28 689
1717814907459 28 695
1717814914299 29 699
1717814914368 29 709
1717814914437 29 719
1717814920562 29 719
1717814927140 30 729
1717814927193 30 739
1717814933264 30 743
1717814939855 31 749
1717814939935 31 759
1717814946119 31 767
1717814952384 32 769
1717814952620 32 779
1717814952676 32 789
1717814959313 32 791
1717814965923 33 799
1717814965972 33 809
1717814972170 33 815
1717814978793 34 819
1717814978939 34 829
1717814978990 34 839
1717814985037 34 839
1717814991578 35 849
1717814991628 35 859
1717814998238 35 863
1717815004766 36 869
1717815004820 36 879
1717815010915 36 887
1717815017433 37 889
1717815017607 37 899
1717815017663 37 909
1717815023753 37 911
1717815030405 38 919
1717815030454 38 929
1717815036970 38 935
1717815043368 39 939
1717815043582 39 949
1717815043636 39 959
1717815049746 39 959
1717815056543 40 969
1717815056594 40 979
1717815062640 40 983
1717815069203 41 989
1717815069258 41 999
1717815075277 41 1007
1717815082069 42 1009
1717815082321 42 1019
1717815082374 42 1029
1717815088456 42 1031
1717815095010 43 1039
1717815095060 43 1049
1717815101216 43 1055
1717815107883 44 1059
1717815108039 44 1069
1717815108094 44 1079
1717815114077 44 1079
1717815120592 45 1089
1717815120649 45 1099
1717815127327 45 1103
1717815133942 46 1109
1717815133998 46 1119
1717815140159 46 1127
1717815146886 47 1129
1717815146976 47 1139
1717815147026 47 1149
1717815153081 47 1151
1717815159641 48 1159
1717815159709 48 1169
1717815166239 48 1175
1717815172681 49 1179
1717815172763 49 1189
1717815172818 49 1199
1717815178845 49 1199
1717815185360 50 1209
1717815185411 50 1219
1717815191521 50 1223
1717815198111 51 1229
1717815198162 51 1239
1717815204183 51 1247
1717815210594 52 1249
1717815210760 52 1259
1717815210811 52 1269
1717815216941 52 1271
1717815223408 53 1279
1717815223457 53 1289
1717815229508 53 1295
1717815236029 54 1299
1717815236085 54 1309
1717815236140 54 1319
1717815242181 54 1319
1717815248730 55 1329
1717815248783 55 1339
1717815254916 55 1343
1717815261392 56 1349
1717815261444 56 1359
1717815267513 56 1367
1717815276236 57 1368
