1717814544850 0.3510158658027649 9
1717814544909 0.2149391621351242 19
1717814557163 0.2798486649990082 29
1717814557223 0.24983464181423187 39
1717814569403 0.2921384572982788 49
1717814569679 0.20443643629550934 59
1717814569739 0.13549818098545074 69
1717814582509 0.2169315665960312 79
1717814582553 0.14736315608024597 89
1717814595121 0.14048147201538086 99
1717814595192 0.27645522356033325 109
1717814595249 0.23739396035671234 119
1717814608119 0.20349499583244324 129
1717814608169 0.19591140747070312 139
1717814621086 0.25273820757865906 149
1717814621142 0.19458065927028656 159
1717814633573 0.15985506772994995 169
1717814633842 0.11688751727342606 179
1717814633890 0.1824730634689331 189
1717814646476 0.11578473448753357 199
1717814646531 0.16996438801288605 209
1717814659059 0.12819167971611023 219
1717814659116 0.11393779516220093 229
1717814659166 0.18548189103603363 239
1717814671617 0.1979127824306488 249
1717814671669 0.11721211671829224 259
1717814684173 0.20646513998508453 269
1717814684226 0.09733247756958008 279
1717814696593 0.12597718834877014 289
1717814696891 0.17406634986400604 299
1717814696941 0.25629618763923645 309
1717814709377 0.11071150749921799 319
1717814709426 0.15994131565093994 329
1717814721843 0.1383524090051651 339
1717814721983 0.16302372515201569 349
1717814722036 0.1358666568994522 359
1717814734677 0.0924447700381279 369
1717814734728 0.12293453514575958 379
1717814747621 0.08480024337768555 389
1717814747672 0.15203477442264557 399
1717814759954 0.11529070138931274 409
1717814760166 0.22193776071071625 419
1717814760219 0.13086476922035217 429
1717814772541 0.160868838429451 439
1717814772592 0.23139417171478271 449
1717814785229 0.1539612114429474 459
1717814785285 0.06752561777830124 469
1717814785335 0.1073990985751152 479
1717814798500 0.13052377104759216 489
1717814798552 0.10631275922060013 499
1717814811285 0.20472481846809387 509
1717814811341 0.10622502118349075 519
1717814823710 0.17931221425533295 529
1717814823987 0.1331617385149002 539
1717814824042 0.12423942238092422 549
1717814837058 0.10797495394945145 559
1717814837118 0.1478801965713501 569
1717814849713 0.11331182718276978 579
1717814849767 0.15506942570209503 589
1717814849819 0.1174023374915123 599
1717814862710 0.1475481241941452 609
1717814862763 0.16536614298820496 619
1717814875499 0.11416090279817581 629
1717814875571 0.12283138930797577 639
1717814888047 0.11137384921312332 649
1717814888262 0.1141708493232727 659
1717814888317 0.18311730027198792 669
1717814901113 0.13047750294208527 679
1717814901162 0.06735662370920181 689
1717814914299 0.10895068198442459 699
1717814914368 0.11207449436187744 709
1717814914437 0.11610714346170425 719
1717814927140 0.11917153000831604 729
1717814927193 0.1068989485502243 739
1717814939855 0.20933187007904053 749
1717814939935 0.19650019705295563 759
1717814952384 0.16637657582759857 769
1717814952620 0.11152142286300659 779
1717814952676 0.13851438462734222 789
1717814965923 0.11630731076002121 799
1717814965972 0.19920508563518524 809
1717814978793 0.09502057731151581 819
1717814978939 0.10978887230157852 829
1717814978990 0.11721718311309814 839
1717814991578 0.10349519550800323 849
1717814991628 0.14049366116523743 859
1717815004766 0.13493800163269043 869
1717815004820 0.15304240584373474 879
1717815017433 0.15375898778438568 889
1717815017607 0.12348225712776184 899
1717815017663 0.09037914127111435 909
1717815030405 0.12458339333534241 919
1717815030454 0.11130069941282272 929
1717815043368 0.16657061874866486 939
1717815043582 0.14733168482780457 949
1717815043636 0.06399277597665787 959
1717815056543 0.09757499396800995 969
1717815056594 0.1228293627500534 979
1717815069203 0.16221052408218384 989
1717815069258 0.08671723306179047 999
1717815082069 0.13358092308044434 1009
1717815082321 0.09207751601934433 1019
1717815082374 0.1392972320318222 1029
1717815095010 0.17634530365467072 1039
1717815095060 0.09673479944467545 1049
1717815107883 0.13145937025547028 1059
1717815108039 0.08580499142408371 1069
1717815108094 0.11079511046409607 1079
1717815120592 0.15995849668979645 1089
1717815120649 0.0787794440984726 1099
1717815133942 0.11268313974142075 1109
1717815133998 0.08804406225681305 1119
1717815146886 0.13745684921741486 1129
1717815146976 0.1296084076166153 1139
1717815147026 0.09415147453546524 1149
1717815159641 0.11908890306949615 1159
1717815159709 0.21463905274868011 1169
1717815172681 0.1556224524974823 1179
1717815172763 0.08846908807754517 1189
1717815172818 0.1374782919883728 1199
1717815185360 0.06226528063416481 1209
1717815185411 0.10711728036403656 1219
1717815198111 0.12136266380548477 1229
1717815198162 0.1118345558643341 1239
1717815210594 0.09954986721277237 1249
1717815210760 0.2293710708618164 1259
1717815210811 0.14387987554073334 1269
1717815223408 0.09163177013397217 1279
1717815223457 0.10511071979999542 1289
1717815236029 0.12768034636974335 1299
1717815236085 0.1537734568119049 1309
1717815236140 0.11669432371854782 1319
1717815248730 0.09282044321298599 1329
1717815248783 0.059184905141592026 1339
1717815261392 0.12814271450042725 1349
1717815261444 0.16743974387645721 1359
