1717773267832 0 9
1717773267887 0 19
1717773273937 0 26
1717773280407 1 29
1717773280466 1 39
1717773280518 1 49
1717773286574 1 53
1717773293001 2 59
1717773293055 2 69
1717773293104 2 79
1717773299730 2 80
1717773306914 3 89
1717773306969 3 99
1717773313253 3 107
1717773319910 4 109
1717773319965 4 119
1717773320023 4 129
1717773326236 4 134
1717773333220 5 139
1717773333277 5 149
1717773333330 5 159
1717773339695 5 161
1717773346289 6 169
1717773346340 6 179
1717773352682 6 188
1717773359778 7 189
1717773359992 7 199
1717773360044 7 209
1717773366460 7 215
1717773373598 8 219
1717773373689 8 229
1717773373743 8 239
1717773380387 8 242
1717773388008 9 249
1717773388064 9 259
1717773388121 9 269
1717773394575 9 269
1717773401649 10 279
1717773401700 10 289
1717773408094 10 296
1717773414724 11 299
1717773414991 11 309
1717773415048 11 319
1717773421300 11 323
1717773428249 12 329
1717773428304 12 339
1717773428360 12 349
1717773434455 12 350
1717773441006 13 359
1717773441057 13 369
1717773447309 13 377
1717773454703 14 379
1717773454767 14 389
1717773454819 14 399
1717773461241 14 404
1717773467956 15 409
1717773468010 15 419
1717773468065 15 429
1717773474431 15 431
1717773481087 16 439
1717773481142 16 449
1717773487653 16 458
1717773494353 17 459
1717773494595 17 469
1717773494646 17 479
1717773501172 17 485
1717773508967 18 489
1717773509022 18 499
1717773509086 18 509
1717773516101 18 512
1717773523277 19 519
1717773523335 19 529
1717773523391 19 539
1717773530076 19 539
1717773537070 20 549
1717773537128 20 559
1717773543636 20 566
1717773550659 21 569
1717773550716 21 579
1717773550773 21 589
1717773557299 21 593
1717773564345 22 599
1717773564404 22 609
1717773564454 22 619
1717773571105 22 620
1717773578473 23 629
1717773578530 23 639
1717773585227 23 647
1717773592128 24 649
1717773592185 24 659
1717773592241 24 669
1717773598896 24 674
1717773605864 25 679
1717773605922 25 689
1717773605976 25 699
1717773612541 25 701
1717773619546 26 709
1717773619599 26 719
1717773625986 26 728
1717773632566 27 729
1717773632911 27 739
1717773632967 27 749
1717773639438 27 755
1717773646277 28 759
1717773646336 28 769
1717773646391 28 779
1717773652883 28 782
1717773660105 29 789
1717773660155 29 799
1717773660212 29 809
1717773666572 29 809
1717773673233 30 819
1717773673283 30 829
1717773679639 30 836
1717773686666 31 839
1717773686716 31 849
1717773686771 31 859
1717773693185 31 863
1717773700066 32 869
1717773700142 32 879
1717773700221 32 889
1717773707448 32 890
1717773714304 33 899
1717773714360 33 909
1717773720926 33 917
1717773727913 34 919
1717773727970 34 929
1717773728023 34 939
1717773734580 34 944
1717773741190 35 949
1717773741286 35 959
1717773741342 35 969
1717773747787 35 971
1717773754931 36 979
1717773754983 36 989
1717773761557 36 998
1717773768244 37 999
1717773768707 37 1009
1717773768763 37 1019
1717773775530 37 1025
1717773783014 38 1029
1717773783070 38 1039
1717773783129 38 1049
1717773789905 38 1052
1717773797118 39 1059
1717773797180 39 1069
1717773797238 39 1079
1717773803837 39 1079
1717773810877 40 1089
1717773810940 40 1099
1717773817492 40 1106
1717773824454 41 1109
1717773824559 41 1119
1717773824618 41 1129
1717773831204 41 1133
1717773839180 42 1139
1717773839241 42 1149
1717773839295 42 1159
1717773846066 42 1160
1717773852998 43 1169
1717773853061 43 1179
1717773859958 43 1187
1717773867001 44 1189
1717773867052 44 1199
1717773867104 44 1209
1717773873477 44 1214
1717773880578 45 1219
1717773880635 45 1229
1717773880700 45 1239
1717773887214 45 1241
1717773893932 46 1249
1717773893985 46 1259
1717773901055 46 1268
1717773908192 47 1269
1717773908247 47 1279
1717773908307 47 1289
1717773914881 47 1295
1717773921941 48 1299
1717773921995 48 1309
1717773922042 48 1319
1717773928321 48 1322
1717773935119 49 1329
1717773935172 49 1339
1717773935229 49 1349
1717773941903 49 1349
1717773948720 50 1359
1717773948776 50 1369
1717773954900 50 1376
1717773961810 51 1379
1717773961889 51 1389
1717773961954 51 1399
1717773968421 51 1403
1717773975345 52 1409
1717773975401 52 1419
1717773975463 52 1429
1717773982170 52 1430
1717773989031 53 1439
1717773989085 53 1449
1717773995340 53 1457
1717774001598 54 1459
1717774001952 54 1469
1717774002006 54 1479
1717774008200 54 1484
1717774015152 55 1489
1717774015217 55 1499
1717774015277 55 1509
1717774022324 55 1511
1717774029271 56 1519
1717774029326 56 1529
1717774035758 56 1538
1717774042483 57 1539
1717774042559 57 1549
1717774042629 57 1559
1717774049520 57 1565
1717774056560 58 1569
1717774056614 58 1579
1717774056671 58 1589
1717774063266 58 1592
1717774070232 59 1599
1717774070283 59 1609
1717774070338 59 1619
1717774076546 59 1619
1717774083215 60 1629
1717774083276 60 1639
1717774090159 60 1646
1717774097414 61 1649
1717774097467 61 1659
1717774097518 61 1669
1717774104264 61 1673
1717774111473 62 1679
1717774111532 62 1689
1717774111586 62 1699
1717774118374 62 1700
1717774125351 63 1709
1717774125401 63 1719
1717774132113 63 1727
1717774138934 64 1729
1717774139196 64 1739
1717774139255 64 1749
1717774146081 64 1754
1717774152812 65 1759
1717774152864 65 1769
1717774152920 65 1779
1717774159312 65 1781
1717774166092 66 1789
1717774166145 66 1799
1717774172348 66 1808
1717774178511 67 1809
1717774178916 67 1819
1717774178967 67 1829
1717774185198 67 1835
1717774191747 68 1839
1717774191821 68 1849
1717774191877 68 1859
1717774198068 68 1862
1717774205170 69 1869
1717774205233 69 1879
1717774205297 69 1889
1717774211547 69 1889
1717774218280 70 1899
1717774218334 70 1909
1717774224696 70 1916
1717774231284 71 1919
1717774231333 71 1929
1717774231378 71 1939
1717774237484 71 1943
1717774244033 72 1949
1717774244085 72 1959
1717774244138 72 1969
1717774250324 72 1970
1717774256869 73 1979
1717774256914 73 1989
1717774263038 73 1997
1717774269362 74 1999
1717774269604 74 2009
1717774269655 74 2019
1717774276144 74 2024
