1717773267832 0.2768399119377136 9
1717773267887 0.1577964872121811 19
1717773280407 0.2523622214794159 29
1717773280466 0.15303778648376465 39
1717773280518 0.15831351280212402 49
1717773293001 0.1434086263179779 59
1717773293055 0.12424005568027496 69
1717773293104 0.1541401892900467 79
1717773306914 0.1621406376361847 89
1717773306969 0.2332606315612793 99
1717773319910 0.2510121464729309 109
1717773319965 0.18589377403259277 119
1717773320023 0.2473738044500351 129
1717773333220 0.1379917412996292 139
1717773333277 0.12268605083227158 149
1717773333330 0.17082762718200684 159
1717773346289 0.19765181839466095 169
1717773346340 0.2836552858352661 179
1717773359778 0.17924001812934875 189
1717773359992 0.13349170982837677 199
1717773360044 0.19447940587997437 209
1717773373598 0.24699483811855316 219
1717773373689 0.14908473193645477 229
1717773373743 0.15373151004314423 239
1717773388008 0.12852872908115387 249
1717773388064 0.1429172158241272 259
1717773388121 0.1956188827753067 269
1717773401649 0.1455686390399933 279
1717773401700 0.1294347494840622 289
1717773414724 0.1417730301618576 299
1717773414991 0.12383151054382324 309
1717773415048 0.1459103375673294 319
1717773428249 0.15932177007198334 329
1717773428304 0.12700754404067993 339
1717773428360 0.13237275183200836 349
1717773441006 0.1385103166103363 359
1717773441057 0.11833269894123077 369
1717773454703 0.13901396095752716 379
1717773454767 0.15887877345085144 389
1717773454819 0.1271512657403946 399
1717773467956 0.10114887356758118 409
1717773468010 0.17568370699882507 419
1717773468065 0.12129730731248856 429
1717773481087 0.1698964536190033 439
1717773481142 0.09166999161243439 449
1717773494353 0.1876954436302185 459
1717773494595 0.11963623762130737 469
1717773494646 0.20977820456027985 479
1717773508967 0.137241393327713 489
1717773509022 0.10034425556659698 499
1717773509086 0.1336752474308014 509
1717773523277 0.175794780254364 519
1717773523335 0.1459571123123169 529
1717773523391 0.11508544534444809 539
1717773537070 0.1350942701101303 549
1717773537128 0.12679308652877808 559
1717773550659 0.17245294153690338 569
1717773550716 0.15756280720233917 579
1717773550773 0.09419384598731995 589
1717773564345 0.14674894511699677 599
1717773564404 0.12800544500350952 609
1717773564454 0.10531673580408096 619
1717773578473 0.1301993876695633 629
1717773578530 0.13233870267868042 639
1717773592128 0.10472527891397476 649
1717773592185 0.18344280123710632 659
1717773592241 0.10641685128211975 669
1717773605864 0.15373694896697998 679
1717773605922 0.09917563945055008 689
1717773605976 0.06620711833238602 699
1717773619546 0.13606147468090057 709
1717773619599 0.0920882299542427 719
1717773632566 0.21205228567123413 729
1717773632911 0.1446453332901001 739
1717773632967 0.12625297904014587 749
1717773646277 0.18492461740970612 759
1717773646336 0.11203464865684509 769
1717773646391 0.21799612045288086 779
1717773660105 0.12065553665161133 789
1717773660155 0.12031321972608566 799
1717773660212 0.12923283874988556 809
1717773673233 0.10999953746795654 819
1717773673283 0.1664179265499115 829
1717773686666 0.11207907646894455 839
1717773686716 0.12929442524909973 849
1717773686771 0.11684651672840118 859
1717773700066 0.11945740878582001 869
1717773700142 0.14842867851257324 879
1717773700221 0.1009276732802391 889
1717773714304 0.14663060009479523 899
1717773714360 0.17561812698841095 909
1717773727913 0.11837684363126755 919
1717773727970 0.14906948804855347 929
1717773728023 0.11007318645715714 939
1717773741190 0.09337636828422546 949
1717773741286 0.10391607135534286 959
1717773741342 0.13023631274700165 969
1717773754931 0.13470029830932617 979
1717773754983 0.1326831579208374 989
1717773768244 0.09206566214561462 999
1717773768707 0.23064853250980377 1009
1717773768763 0.12158835679292679 1019
1717773783014 0.09425020217895508 1029
1717773783070 0.09807757288217545 1039
1717773783129 0.11358758062124252 1049
1717773797118 0.09027563035488129 1059
1717773797180 0.12039286643266678 1069
1717773797238 0.1036904826760292 1079
1717773810877 0.12029588967561722 1089
1717773810940 0.13232211768627167 1099
1717773824454 0.12759912014007568 1109
1717773824559 0.17057164013385773 1119
1717773824618 0.1303117722272873 1129
1717773839180 0.1064591109752655 1139
1717773839241 0.09098847210407257 1149
1717773839295 0.11808523535728455 1159
1717773852998 0.13340358436107635 1169
1717773853061 0.11055014282464981 1179
1717773867001 0.18558572232723236 1189
1717773867052 0.132301464676857 1199
1717773867104 0.10079483687877655 1209
1717773880578 0.1112389788031578 1219
1717773880635 0.12386591732501984 1229
1717773880700 0.12419354915618896 1239
1717773893932 0.10820671916007996 1249
1717773893985 0.11775249987840652 1259
1717773908192 0.13618767261505127 1269
1717773908247 0.11135798692703247 1279
1717773908307 0.10294803231954575 1289
1717773921941 0.08820025622844696 1299
1717773921995 0.2400563508272171 1309
1717773922042 0.12657879292964935 1319
1717773935119 0.10801417380571365 1329
1717773935172 0.10191374272108078 1339
1717773935229 0.11146029829978943 1349
1717773948720 0.12825599312782288 1359
1717773948776 0.09208070486783981 1369
1717773961810 0.13416239619255066 1379
1717773961889 0.15097157657146454 1389
1717773961954 0.10011207312345505 1399
1717773975345 0.1264275461435318 1409
1717773975401 0.19274170696735382 1419
1717773975463 0.1062995120882988 1429
1717773989031 0.1451568901538849 1439
1717773989085 0.11624627560377121 1449
1717774001598 0.09216795116662979 1459
1717774001952 0.14387935400009155 1469
1717774002006 0.14208219945430756 1479
1717774015152 0.09105809032917023 1489
1717774015217 0.08855770528316498 1499
1717774015277 0.08329195529222488 1509
1717774029271 0.16341367363929749 1519
1717774029326 0.19191578030586243 1529
1717774042483 0.11767581105232239 1539
1717774042559 0.08571814745664597 1549
1717774042629 0.09740084409713745 1559
1717774056560 0.13225439190864563 1569
1717774056614 0.1470382809638977 1579
1717774056671 0.1230277270078659 1589
1717774070232 0.13136491179466248 1599
1717774070283 0.10730928182601929 1609
1717774070338 0.08809083700180054 1619
1717774083215 0.13602104783058167 1629
1717774083276 0.13363699615001678 1639
1717774097414 0.17944654822349548 1649
1717774097467 0.1049003005027771 1659
1717774097518 0.09249083697795868 1669
1717774111473 0.07122578471899033 1679
1717774111532 0.14866779744625092 1689
1717774111586 0.1007266640663147 1699
1717774125351 0.11261818557977676 1709
1717774125401 0.13158448040485382 1719
1717774138934 0.15273615717887878 1729
1717774139196 0.15334467589855194 1739
1717774139255 0.11429549008607864 1749
1717774152812 0.09881269186735153 1759
1717774152864 0.08904598653316498 1769
1717774152920 0.09619278460741043 1779
1717774166092 0.13332444429397583 1789
1717774166145 0.1475200057029724 1799
1717774178511 0.13684095442295074 1809
1717774178916 0.08190886676311493 1819
1717774178967 0.11848249286413193 1829
1717774191747 0.14663170278072357 1839
1717774191821 0.07893906533718109 1849
1717774191877 0.08118018507957458 1859
1717774205170 0.10557100176811218 1869
1717774205233 0.11618039757013321 1879
1717774205297 0.0889115035533905 1889
1717774218280 0.14655084908008575 1899
1717774218334 0.1334741711616516 1909
1717774231284 0.1900457888841629 1919
1717774231333 0.1046300157904625 1929
1717774231378 0.09965109080076218 1939
1717774244033 0.11204257607460022 1949
1717774244085 0.15898796916007996 1959
1717774244138 0.20462416112422943 1969
1717774256869 0.22019082307815552 1979
1717774256914 0.11272857338190079 1989
1717774269362 0.10407644510269165 1999
1717774269604 0.1721315085887909 2009
1717774269655 0.1472347229719162 2019
