1717779995937 0 9
1717779995991 0 19
1717780001969 0 23
1717780009133 1 29
1717780009184 1 39
1717780015418 1 47
1717780022069 2 49
1717780022123 2 59
1717780022177 2 69
1717780028441 2 71
1717780034893 3 79
1717780034947 3 89
1717780041229 3 95
1717780047594 4 99
1717780047719 4 109
1717780047768 4 119
1717780053783 4 119
1717780060642 5 129
1717780060705 5 139
1717780067205 5 143
1717780073881 6 149
1717780073932 6 159
1717780080243 6 167
1717780086808 7 169
1717780086872 7 179
1717780086927 7 189
1717780093041 7 191
1717780099785 8 199
1717780099836 8 209
1717780106010 8 215
1717780112564 9 219
1717780112619 9 229
1717780112682 9 239
1717780119668 9 239
1717780126419 10 249
1717780126474 10 259
1717780132878 10 263
1717780139480 11 269
1717780139539 11 279
1717780145603 11 287
1717780151925 12 289
1717780152225 12 299
1717780152279 12 309
1717780158512 12 311
1717780165448 13 319
1717780165515 13 329
1717780172164 13 335
1717780178795 14 339
1717780178849 14 349
1717780178901 14 359
1717780185202 14 359
1717780191834 15 369
1717780191884 15 379
1717780198061 15 383
1717780204739 16 389
1717780204791 16 399
1717780210911 16 407
1717780217241 17 409
1717780217566 17 419
1717780217622 17 429
1717780224702 17 431
1717780231481 18 439
1717780231535 18 449
1717780237895 18 455
1717780244531 19 459
1717780244586 19 469
1717780244639 19 479
1717780250728 19 479
1717780257349 20 489
1717780257407 20 499
1717780263737 20 503
1717780270355 21 509
1717780270410 21 519
1717780276702 21 527
1717780283301 22 529
1717780283359 22 539
1717780283413 22 549
1717780289713 22 551
1717780296457 23 559
1717780296507 23 569
1717780302708 23 575
1717780309135 24 579
1717780309287 24 589
1717780309339 24 599
1717780315447 24 599
1717780321997 25 609
1717780322044 25 619
1717780328209 25 623
1717780335522 26 629
1717780335578 26 639
1717780342360 26 647
1717780349248 27 649
1717780349319 27 659
1717780349372 27 669
1717780355687 27 671
1717780362326 28 679
1717780362378 28 689
1717780368586 28 695
1717780375051 29 699
1717780375194 29 709
1717780375250 29 719
1717780381356 29 719
1717780387952 30 729
1717780388008 30 739
1717780394865 30 743
1717780401549 31 749
1717780401600 31 759
1717780407902 31 767
1717780414526 32 769
1717780414584 32 779
1717780414637 32 789
1717780420700 32 791
1717780427308 33 799
1717780427363 33 809
1717780433516 33 815
1717780440069 34 819
1717780440150 34 829
1717780440203 34 839
1717780447298 34 839
1717780454104 35 849
1717780454157 35 859
1717780460410 35 863
1717780467150 36 869
1717780467200 36 879
1717780473283 36 887
1717780479666 37 889
1717780479901 37 899
1717780479952 37 909
1717780486170 37 911
1717780492939 38 919
1717780492990 38 929
1717780499316 38 935
1717780506815 39 939
1717780506876 39 949
1717780506926 39 959
1717780513815 39 959
1717780521111 40 969
1717780521163 40 979
1717780527906 40 983
1717780534701 41 989
1717780534754 41 999
1717780541847 41 1007
1717780548410 42 1009
1717780548479 42 1019
1717780548532 42 1029
1717780554672 42 1031
1717780561392 43 1039
1717780561447 43 1049
1717780567687 43 1055
1717780574334 44 1059
1717780574402 44 1069
1717780574456 44 1079
1717780580459 44 1079
1717780586990 45 1089
1717780587040 45 1099
1717780593052 45 1103
1717780599571 46 1109
1717780599629 46 1119
1717780605629 46 1127
1717780611914 47 1129
1717780612177 47 1139
1717780612226 47 1149
1717780618190 47 1151
1717780624795 48 1159
1717780624848 48 1169
1717780630875 48 1175
1717780637403 49 1179
1717780637458 49 1189
1717780637513 49 1199
1717780643557 49 1199
1717780650088 50 1209
1717780650144 50 1219
1717780656288 50 1223
1717780662803 51 1229
1717780662854 51 1239
1717780668885 51 1247
1717780674992 52 1249
1717780675391 52 1259
1717780675441 52 1269
1717780681600 52 1271
1717780688114 53 1279
1717780688165 53 1289
1717780694361 53 1295
1717780700760 54 1299
1717780700878 54 1309
1717780700936 54 1319
1717780706998 54 1319
1717780713545 55 1329
1717780713598 55 1339
1717780719614 55 1343
1717780726098 56 1349
1717780726147 56 1359
1717780732315 56 1367
1717780741082 57 1368
