1717779995937 0.3510156273841858 9
1717779995991 0.21493873000144958 19
1717780009133 0.2798490524291992 29
1717780009184 0.24983537197113037 39
1717780022069 0.2921387255191803 49
1717780022123 0.2044352889060974 59
1717780022177 0.13549765944480896 69
1717780034893 0.21693070232868195 79
1717780034947 0.1473630666732788 89
1717780047594 0.14048193395137787 99
1717780047719 0.2764549255371094 109
1717780047768 0.23739506304264069 119
1717780060642 0.20349514484405518 129
1717780060705 0.19591036438941956 139
1717780073881 0.2527354657649994 149
1717780073932 0.19458048045635223 159
1717780086808 0.1598554402589798 169
1717780086872 0.11689015477895737 179
1717780086927 0.18247120082378387 189
1717780099785 0.11578501015901566 199
1717780099836 0.16996243596076965 209
1717780112564 0.12819260358810425 219
1717780112619 0.11393732577562332 229
1717780112682 0.1854819506406784 239
1717780126419 0.19791439175605774 249
1717780126474 0.11721160262823105 259
1717780139480 0.20646418631076813 269
1717780139539 0.09733301401138306 279
1717780151925 0.12597541511058807 289
1717780152225 0.17406409978866577 299
1717780152279 0.2562948167324066 309
1717780165448 0.11071281135082245 319
1717780165515 0.15994064509868622 329
1717780178795 0.1383500099182129 339
1717780178849 0.16302204132080078 349
1717780178901 0.13586710393428802 359
1717780191834 0.09244541078805923 369
1717780191884 0.12293346226215363 379
1717780204739 0.08479838818311691 389
1717780204791 0.15203413367271423 399
1717780217241 0.11528854072093964 409
1717780217566 0.22193293273448944 419
1717780217622 0.1308629959821701 429
1717780231481 0.16086837649345398 439
1717780231535 0.23139098286628723 449
1717780244531 0.15395988523960114 459
1717780244586 0.06752432882785797 469
1717780244639 0.10740049928426743 479
1717780257349 0.13052500784397125 489
1717780257407 0.10631158947944641 499
1717780270355 0.20472511649131775 509
1717780270410 0.10622508078813553 519
1717780283301 0.17930996417999268 529
1717780283359 0.13315510749816895 539
1717780283413 0.12423668801784515 549
1717780296457 0.1079735979437828 559
1717780296507 0.14787976443767548 569
1717780309135 0.11331482231616974 579
1717780309287 0.15506884455680847 589
1717780309339 0.11739804595708847 599
1717780321997 0.14754562079906464 609
1717780322044 0.16536466777324677 619
1717780335522 0.11415821313858032 629
1717780335578 0.12283187359571457 639
1717780349248 0.11137261241674423 649
1717780349319 0.11416035890579224 659
1717780349372 0.183115616440773 669
1717780362326 0.13047711551189423 679
1717780362378 0.06735723465681076 689
1717780375051 0.10894883424043655 699
1717780375194 0.11207021772861481 709
1717780375250 0.11610322445631027 719
1717780387952 0.11917347460985184 729
1717780388008 0.10689565539360046 739
1717780401549 0.20932817459106445 749
1717780401600 0.1964964121580124 759
1717780414526 0.1663733422756195 769
1717780414584 0.11151901632547379 779
1717780414637 0.13851428031921387 789
1717780427308 0.11630574613809586 799
1717780427363 0.19919990003108978 809
1717780440069 0.09501723945140839 819
1717780440150 0.10978631675243378 829
1717780440203 0.11721393465995789 839
1717780454104 0.10349269211292267 849
1717780454157 0.1404915750026703 859
1717780467150 0.13493746519088745 869
1717780467200 0.15304142236709595 879
1717780479666 0.15375851094722748 889
1717780479901 0.12347882241010666 899
1717780479952 0.09038029611110687 909
1717780492939 0.12458311766386032 919
1717780492990 0.11129831522703171 929
1717780506815 0.16656562685966492 939
1717780506876 0.14732393622398376 949
1717780506926 0.06399589031934738 959
1717780521111 0.09757424145936966 969
1717780521163 0.12283074855804443 979
1717780534701 0.16220329701900482 989
1717780534754 0.0867178738117218 999
1717780548410 0.1335778832435608 1009
1717780548479 0.09207739681005478 1019
1717780548532 0.13929660618305206 1029
1717780561392 0.17634080350399017 1039
1717780561447 0.09673242270946503 1049
1717780574334 0.131450816988945 1059
1717780574402 0.08580421656370163 1069
1717780574456 0.11079398542642593 1079
1717780586990 0.1599595546722412 1089
1717780587040 0.07877524197101593 1099
1717780599571 0.11268381774425507 1109
1717780599629 0.0880458801984787 1119
1717780611914 0.1374501734972 1129
1717780612177 0.12960185110569 1139
1717780612226 0.09415114670991898 1149
1717780624795 0.11909230053424835 1159
1717780624848 0.21463505923748016 1169
1717780637403 0.15562395751476288 1179
1717780637458 0.08846995234489441 1189
1717780637513 0.13747261464595795 1199
1717780650088 0.06226329505443573 1209
1717780650144 0.10711658746004105 1219
1717780662803 0.12136373668909073 1229
1717780662854 0.1118282899260521 1239
1717780674992 0.0995466560125351 1249
1717780675391 0.22936591506004333 1259
1717780675441 0.14387930929660797 1269
1717780688114 0.09163220971822739 1279
1717780688165 0.1051059365272522 1289
1717780700760 0.12768344581127167 1299
1717780700878 0.15377096831798553 1309
1717780700936 0.11668922007083893 1319
1717780713545 0.09282352775335312 1329
1717780713598 0.059186339378356934 1339
1717780726098 0.1281476467847824 1349
1717780726147 0.16742342710494995 1359
