1717779169992 0 9
1717779170049 0 19
1717779176358 0 23
1717779182950 1 29
1717779183003 1 39
1717779189198 1 47
1717779195403 2 49
1717779195710 2 59
1717779195758 2 69
1717779201877 2 71
1717779208398 3 79
1717779208451 3 89
1717779214337 3 95
1717779220729 4 99
1717779220786 4 109
1717779220839 4 119
1717779226739 4 119
1717779233193 5 129
1717779233242 5 139
1717779239203 5 143
1717779245630 6 149
1717779245682 6 159
1717779251752 6 167
1717779258103 7 169
1717779258375 7 179
1717779258427 7 189
1717779264504 7 191
1717779271783 8 199
1717779271833 8 209
1717779278063 8 215
1717779284550 9 219
1717779284653 9 229
1717779284710 9 239
1717779290951 9 239
1717779297511 10 249
1717779297566 10 259
1717779303661 10 263
1717779310318 11 269
1717779310368 11 279
1717779316600 11 287
1717779323041 12 289
1717779323288 12 299
1717779323340 12 309
1717779330278 12 311
1717779336951 13 319
1717779337004 13 329
1717779343315 13 335
1717779349988 14 339
1717779350038 14 349
1717779350093 14 359
1717779356257 14 359
1717779362863 15 369
1717779362917 15 379
1717779369192 15 383
1717779375896 16 389
1717779375968 16 399
1717779383000 16 407
1717779389658 17 409
1717779389716 17 419
1717779389771 17 429
1717779396374 17 431
1717779402964 18 439
1717779403012 18 449
1717779409242 18 455
1717779415815 19 459
1717779415869 19 469
1717779415922 19 479
1717779422049 19 479
1717779428791 20 489
1717779428868 20 499
1717779435659 20 503
1717779442274 21 509
1717779442328 21 519
1717779448567 21 527
1717779455093 22 529
1717779455200 22 539
1717779455247 22 549
1717779461327 22 551
1717779468035 23 559
1717779468088 23 569
1717779474248 23 575
1717779480936 24 579
1717779481032 24 589
1717779481081 24 599
1717779488266 24 599
1717779495004 25 609
1717779495056 25 619
1717779501446 25 623
1717779508048 26 629
1717779508100 26 639
1717779514318 26 647
1717779520650 27 649
1717779520935 27 659
1717779520987 27 669
1717779527129 27 671
1717779533688 28 679
1717779533741 28 689
1717779540523 28 695
1717779547266 29 699
1717779547331 29 709
1717779547394 29 719
1717779554197 29 719
1717779560871 30 729
1717779560923 30 739
1717779567220 30 743
1717779573813 31 749
1717779573870 31 759
1717779580019 31 767
1717779586473 32 769
1717779586680 32 779
1717779586732 32 789
1717779593020 32 791
1717779600507 33 799
1717779600560 33 809
1717779606918 33 815
1717779613594 34 819
1717779613647 34 829
1717779613701 34 839
1717779619981 34 839
1717779626529 35 849
1717779626583 35 859
1717779632837 35 863
1717779639463 36 869
1717779639517 36 879
1717779645650 36 887
1717779652614 37 889
1717779652669 37 899
1717779652723 37 909
1717779659641 37 911
1717779666497 38 919
1717779666548 38 929
1717779672888 38 935
1717779679552 39 939
1717779679609 39 949
1717779679662 39 959
1717779685807 39 959
1717779692492 40 969
1717779692544 40 979
1717779698748 40 983
1717779705427 41 989
1717779705513 41 999
1717779712589 41 1007
1717779719067 42 1009
1717779719277 42 1019
1717779719329 42 1029
1717779725687 42 1031
1717779732342 43 1039
1717779732392 43 1049
1717779738658 43 1055
1717779745340 44 1059
1717779745393 44 1069
1717779745445 44 1079
1717779751602 44 1079
1717779758784 45 1089
1717779758846 45 1099
1717779765353 45 1103
1717779772001 46 1109
1717779772057 46 1119
1717779778515 46 1127
1717779785121 47 1129
1717779785174 47 1139
1717779785226 47 1149
1717779791354 47 1151
1717779797992 48 1159
1717779798048 48 1169
1717779804148 48 1175
1717779810736 49 1179
1717779810788 49 1189
1717779810841 49 1199
1717779816813 49 1199
1717779823777 50 1209
1717779823829 50 1219
1717779830128 50 1223
1717779837730 51 1229
1717779837782 51 1239
1717779844097 51 1247
1717779850781 52 1249
1717779850842 52 1259
1717779850896 52 1269
1717779856992 52 1271
1717779863585 53 1279
1717779863633 53 1289
1717779869765 53 1295
1717779876252 54 1299
1717779876463 54 1309
1717779876517 54 1319
1717779882986 54 1319
1717779889587 55 1329
1717779889649 55 1339
1717779896251 55 1343
1717779902653 56 1349
1717779902708 56 1359
1717779908943 56 1367
1717779917676 57 1368
