1717779169992 0.3510156273841858 9
1717779170049 0.21493873000144958 19
1717779182950 0.2798490524291992 29
1717779183003 0.24983537197113037 39
1717779195403 0.2921387255191803 49
1717779195710 0.2044352889060974 59
1717779195758 0.13549765944480896 69
1717779208398 0.21693070232868195 79
1717779208451 0.1473630666732788 89
1717779220729 0.14048193395137787 99
1717779220786 0.2764549255371094 109
1717779220839 0.23739506304264069 119
1717779233193 0.20349514484405518 129
1717779233242 0.19591036438941956 139
1717779245630 0.2527354657649994 149
1717779245682 0.19458048045635223 159
1717779258103 0.1598554402589798 169
1717779258375 0.11689015477895737 179
1717779258427 0.18247120082378387 189
1717779271783 0.11578501015901566 199
1717779271833 0.16996243596076965 209
1717779284550 0.12819260358810425 219
1717779284653 0.11393732577562332 229
1717779284710 0.1854819506406784 239
1717779297511 0.19791439175605774 249
1717779297566 0.11721160262823105 259
1717779310318 0.20646418631076813 269
1717779310368 0.09733301401138306 279
1717779323041 0.12597541511058807 289
1717779323288 0.17406409978866577 299
1717779323340 0.2562948167324066 309
1717779336951 0.11071281135082245 319
1717779337004 0.15994064509868622 329
1717779349988 0.1383500099182129 339
1717779350038 0.16302204132080078 349
1717779350093 0.13586710393428802 359
1717779362863 0.09244541078805923 369
1717779362917 0.12293346226215363 379
1717779375896 0.08479838818311691 389
1717779375968 0.15203413367271423 399
1717779389658 0.11528854072093964 409
1717779389716 0.22193293273448944 419
1717779389771 0.1308629959821701 429
1717779402964 0.16086837649345398 439
1717779403012 0.23139098286628723 449
1717779415815 0.15395988523960114 459
1717779415869 0.06752432882785797 469
1717779415922 0.10740049928426743 479
1717779428791 0.13052500784397125 489
1717779428868 0.10631158947944641 499
1717779442274 0.20472511649131775 509
1717779442328 0.10622508078813553 519
1717779455093 0.17930996417999268 529
1717779455200 0.13315510749816895 539
1717779455247 0.12423668801784515 549
1717779468035 0.1079735979437828 559
1717779468088 0.14787976443767548 569
1717779480936 0.11331482231616974 579
1717779481032 0.15506884455680847 589
1717779481081 0.11739804595708847 599
1717779495004 0.14754562079906464 609
1717779495056 0.16536466777324677 619
1717779508048 0.11415821313858032 629
1717779508100 0.12283187359571457 639
1717779520650 0.11137261241674423 649
1717779520935 0.11416035890579224 659
1717779520987 0.183115616440773 669
1717779533688 0.13047711551189423 679
1717779533741 0.06735723465681076 689
1717779547266 0.10894883424043655 699
1717779547331 0.11207021772861481 709
1717779547394 0.11610322445631027 719
1717779560871 0.11917347460985184 729
1717779560923 0.10689565539360046 739
1717779573813 0.20932817459106445 749
1717779573870 0.1964964121580124 759
1717779586473 0.1663733422756195 769
1717779586680 0.11151901632547379 779
1717779586732 0.13851428031921387 789
1717779600507 0.11630574613809586 799
1717779600560 0.19919990003108978 809
1717779613594 0.09501723945140839 819
1717779613647 0.10978631675243378 829
1717779613701 0.11721393465995789 839
1717779626529 0.10349269211292267 849
1717779626583 0.1404915750026703 859
1717779639463 0.13493746519088745 869
1717779639517 0.15304142236709595 879
1717779652614 0.15375851094722748 889
1717779652669 0.12347882241010666 899
1717779652723 0.09038029611110687 909
1717779666497 0.12458311766386032 919
1717779666548 0.11129831522703171 929
1717779679552 0.16656562685966492 939
1717779679609 0.14732393622398376 949
1717779679662 0.06399589031934738 959
1717779692492 0.09757424145936966 969
1717779692544 0.12283074855804443 979
1717779705427 0.16220329701900482 989
1717779705513 0.0867178738117218 999
1717779719067 0.1335778832435608 1009
1717779719277 0.09207739681005478 1019
1717779719329 0.13929660618305206 1029
1717779732342 0.17634080350399017 1039
1717779732392 0.09673242270946503 1049
1717779745340 0.131450816988945 1059
1717779745393 0.08580421656370163 1069
1717779745445 0.11079398542642593 1079
1717779758784 0.1599595546722412 1089
1717779758846 0.07877524197101593 1099
1717779772001 0.11268381774425507 1109
1717779772057 0.0880458801984787 1119
1717779785121 0.1374501734972 1129
1717779785174 0.12960185110569 1139
1717779785226 0.09415114670991898 1149
1717779797992 0.11909230053424835 1159
1717779798048 0.21463505923748016 1169
1717779810736 0.15562395751476288 1179
1717779810788 0.08846995234489441 1189
1717779810841 0.13747261464595795 1199
1717779823777 0.06226329505443573 1209
1717779823829 0.10711658746004105 1219
1717779837730 0.12136373668909073 1229
1717779837782 0.1118282899260521 1239
1717779850781 0.0995466560125351 1249
1717779850842 0.22936591506004333 1259
1717779850896 0.14387930929660797 1269
1717779863585 0.09163220971822739 1279
1717779863633 0.1051059365272522 1289
1717779876252 0.12768344581127167 1299
1717779876463 0.15377096831798553 1309
1717779876517 0.11668922007083893 1319
1717779889587 0.09282352775335312 1329
1717779889649 0.059186339378356934 1339
1717779902653 0.1281476467847824 1349
1717779902708 0.16742342710494995 1359
