1717832197178 0 9
1717832197252 0 19
1717832197319 0 29
1717832197388 0 39
1717832197456 0 49
1717832197529 0 59
1717832197600 0 69
1717832197674 0 79
1717832197736 0 89
1717832204268 0 96
1717832210851 1 99
1717832210988 1 109
1717832211079 1 119
1717832211169 1 129
1717832211258 1 139
1717832211338 1 149
1717832211408 1 159
1717832211480 1 169
1717832211547 1 179
1717832211631 1 189
1717832218016 1 193
1717832224399 2 199
1717832224473 2 209
1717832224543 2 219
1717832224619 2 229
1717832224692 2 239
1717832224768 2 249
1717832224832 2 259
1717832224899 2 269
1717832224965 2 279
1717832225035 2 289
1717832231466 2 290
1717832237862 3 299
1717832237936 3 309
1717832238009 3 319
1717832238080 3 329
1717832238146 3 339
1717832238219 3 349
1717832238290 3 359
1717832238359 3 369
1717832238422 3 379
1717832244757 3 387
1717832251168 4 389
1717832251266 4 399
1717832251340 4 409
1717832251414 4 419
1717832251489 4 429
1717832251559 4 439
1717832251645 4 449
1717832251727 4 459
1717832251814 4 469
1717832251894 4 479
1717832258911 4 484
1717832265313 5 489
1717832265387 5 499
1717832265460 5 509
1717832265526 5 519
1717832265597 5 529
1717832265665 5 539
1717832265734 5 549
1717832265805 5 559
1717832265872 5 569
1717832265945 5 579
1717832272406 5 581
1717832278794 6 589
1717832278865 6 599
1717832278932 6 609
1717832279006 6 619
1717832279079 6 629
1717832279146 6 639
1717832279212 6 649
1717832279283 6 659
1717832279346 6 669
1717832285785 6 678
1717832291967 7 679
1717832292191 7 689
1717832292259 7 699
1717832292330 7 709
1717832292398 7 719
1717832292466 7 729
1717832292535 7 739
1717832292602 7 749
1717832292672 7 759
1717832292743 7 769
1717832299207 7 775
1717832305592 8 779
1717832305728 8 789
1717832305795 8 799
1717832305862 8 809
1717832305933 8 819
1717832306009 8 829
1717832306080 8 839
1717832306152 8 849
1717832306225 8 859
1717832306289 8 869
1717832312866 8 872
1717832319893 9 879
1717832319973 9 889
1717832320042 9 899
1717832320116 9 909
1717832320193 9 919
1717832320262 9 929
1717832320330 9 939
1717832320406 9 949
1717832320483 9 959
1717832320557 9 969
1717832327116 9 969
1717832333844 10 979
1717832333913 10 989
1717832333989 10 999
1717832334065 10 1009
1717832334133 10 1019
1717832334229 10 1029
1717832334322 10 1039
1717832334414 10 1049
1717832334505 10 1059
1717832341678 10 1066
1717832348248 11 1069
1717832348317 11 1079
1717832348391 11 1089
1717832348458 11 1099
1717832348533 11 1109
1717832348605 11 1119
1717832348677 11 1129
1717832348748 11 1139
1717832348818 11 1149
1717832348885 11 1159
1717832355538 11 1163
1717832362481 12 1169
1717832362560 12 1179
1717832362630 12 1189
1717832362698 12 1199
1717832362769 12 1209
1717832362841 12 1219
1717832362911 12 1229
1717832362981 12 1239
1717832363054 12 1249
1717832363123 12 1259
1717832369648 12 1260
1717832376236 13 1269
1717832376329 13 1279
1717832376421 13 1289
1717832376527 13 1299
1717832376630 13 1309
1717832376732 13 1319
1717832376834 13 1329
1717832376938 13 1339
1717832377050 13 1349
1717832383946 13 1357
1717832390514 14 1359
1717832390590 14 1369
1717832390666 14 1379
1717832390745 14 1389
1717832390818 14 1399
1717832390894 14 1409
1717832390966 14 1419
1717832391030 14 1429
1717832391095 14 1439
1717832391164 14 1449
1717832397692 14 1454
1717832404564 15 1459
1717832404637 15 1469
1717832404709 15 1479
1717832404781 15 1489
1717832404859 15 1499
1717832404927 15 1509
1717832404994 15 1519
1717832405066 15 1529
1717832405138 15 1539
1717832405213 15 1549
1717832411847 15 1551
1717832418404 16 1559
1717832418485 16 1569
1717832418552 16 1579
1717832418622 16 1589
1717832418696 16 1599
1717832418769 16 1609
1717832418846 16 1619
1717832418924 16 1629
1717832418995 16 1639
1717832426221 16 1648
1717832432515 17 1649
1717832432828 17 1659
1717832432898 17 1669
1717832432970 17 1679
1717832433046 17 1689
1717832433118 17 1699
1717832433188 17 1709
1717832433257 17 1719
1717832433332 17 1729
1717832433398 17 1739
1717832440126 17 1745
1717832446813 18 1749
1717832446906 18 1759
1717832446976 18 1769
1717832447051 18 1779
1717832447122 18 1789
1717832447189 18 1799
1717832447262 18 1809
1717832447334 18 1819
1717832447409 18 1829
1717832447478 18 1839
1717832454105 18 1842
1717832460619 19 1849
1717832460685 19 1859
1717832460758 19 1869
1717832460832 19 1879
1717832460907 19 1889
1717832460982 19 1899
1717832461056 19 1909
1717832461128 19 1919
1717832461200 19 1929
1717832461271 19 1939
1717832468147 19 1939
1717832474667 20 1949
1717832474742 20 1959
1717832474813 20 1969
1717832474886 20 1979
1717832474963 20 1989
1717832475032 20 1999
1717832475102 20 2009
1717832475170 20 2019
1717832475234 20 2029
1717832481843 20 2036
1717832488679 21 2039
1717832488751 21 2049
1717832488824 21 2059
1717832488898 21 2069
1717832488974 21 2079
1717832489049 21 2089
1717832489135 21 2099
1717832489207 21 2109
1717832489276 21 2119
1717832489345 21 2129
1717832495916 21 2133
1717832502648 22 2139
1717832502736 22 2149
1717832502815 22 2159
1717832502909 22 2169
1717832503000 22 2179
1717832503086 22 2189
1717832503176 22 2199
1717832503266 22 2209
1717832503345 22 2219
1717832503436 22 2229
1717832510370 22 2230
1717832516952 23 2239
1717832517023 23 2249
1717832517095 23 2259
1717832517168 23 2269
1717832517233 23 2279
1717832517306 23 2289
1717832517375 23 2299
1717832517449 23 2309
1717832517520 23 2319
1717832524396 23 2327
1717832530881 24 2329
1717832531116 24 2339
1717832531184 24 2349
1717832531253 24 2359
1717832531323 24 2369
1717832531387 24 2379
1717832531456 24 2389
1717832531530 24 2399
1717832531595 24 2409
1717832531661 24 2419
1717832538278 24 2424
1717832544910 25 2429
1717832545001 25 2439
1717832545089 25 2449
1717832545173 25 2459
1717832545261 25 2469
1717832545354 25 2479
1717832545445 25 2489
1717832545537 25 2499
1717832545620 25 2509
1717832545697 25 2519
1717832552406 25 2521
1717832558979 26 2529
1717832559072 26 2539
1717832559146 26 2549
1717832559213 26 2559
1717832559290 26 2569
1717832559366 26 2579
1717832559435 26 2589
1717832559501 26 2599
1717832559573 26 2609
1717832566386 26 2618
1717832572791 27 2619
1717832573069 27 2629
1717832573138 27 2639
1717832573213 27 2649
1717832573282 27 2659
1717832573353 27 2669
1717832573428 27 2679
1717832573498 27 2689
1717832573568 27 2699
1717832573635 27 2709
1717832580311 27 2715
1717832586955 28 2719
1717832587041 28 2729
1717832587123 28 2739
1717832587207 28 2749
1717832587300 28 2759
1717832587389 28 2769
1717832587478 28 2779
1717832587557 28 2789
1717832587634 28 2799
1717832587709 28 2809
1717832594724 28 2812
1717832601327 29 2819
1717832601404 29 2829
1717832601475 29 2839
1717832601537 29 2849
1717832601611 29 2859
1717832601687 29 2869
1717832601762 29 2879
1717832601839 29 2889
1717832601912 29 2899
1717832601981 29 2909
1717832608914 29 2909
1717832615482 30 2919
1717832615564 30 2929
1717832615635 30 2939
1717832615709 30 2949
1717832615778 30 2959
1717832615849 30 2969
1717832615921 30 2979
1717832615997 30 2989
1717832616064 30 2999
1717832622683 30 3006
1717832629484 31 3009
1717832629608 31 3019
1717832629686 31 3029
1717832629782 31 3039
1717832629882 31 3049
1717832629977 31 3059
1717832630076 31 3069
1717832630176 31 3079
1717832630280 31 3089
1717832630368 31 3099
1717832637055 31 3103
1717832643574 32 3109
1717832643674 32 3119
1717832643743 32 3129
1717832643819 32 3139
1717832643888 32 3149
1717832643954 32 3159
1717832644021 32 3169
1717832644091 32 3179
1717832644163 32 3189
1717832644233 32 3199
1717832651232 32 3200
1717832657732 33 3209
1717832657809 33 3219
1717832657884 33 3229
1717832657952 33 3239
1717832658025 33 3249
1717832658098 33 3259
1717832658171 33 3269
1717832658238 33 3279
1717832658312 33 3289
1717832664939 33 3297
1717832671585 34 3299
1717832671669 34 3309
1717832671744 34 3319
1717832671827 34 3329
1717832671901 34 3339
1717832671985 34 3349
1717832672060 34 3359
1717832672136 34 3369
1717832672210 34 3379
1717832672279 34 3389
1717832678759 34 3394
1717832685357 35 3399
1717832685430 35 3409
1717832685498 35 3419
1717832685568 35 3429
1717832685639 35 3439
1717832685711 35 3449
1717832685783 35 3459
1717832685850 35 3469
1717832685919 35 3479
1717832685992 35 3489
1717832692607 35 3491
1717832699498 36 3499
1717832699597 36 3509
1717832699670 36 3519
1717832699743 36 3529
1717832699818 36 3539
1717832699921 36 3549
1717832700022 36 3559
1717832700122 36 3569
1717832700225 36 3579
1717832708125 36 3588
1717832714674 37 3589
1717832714932 37 3599
1717832715003 37 3609
1717832715073 37 3619
1717832715144 37 3629
1717832715214 37 3639
1717832715284 37 3649
1717832715353 37 3659
1717832715429 37 3669
1717832715490 37 3679
1717832723185 37 3685
1717832730132 38 3689
1717832730333 38 3699
1717832730404 38 3709
1717832730474 38 3719
1717832730541 38 3729
1717832730610 38 3739
1717832730679 38 3749
1717832730749 38 3759
1717832730823 38 3769
1717832730890 38 3779
1717832737443 38 3782
1717832745368 39 3789
1717832745439 39 3799
1717832745510 39 3809
1717832745581 39 3819
1717832745649 39 3829
1717832745722 39 3839
1717832745797 39 3849
1717832745866 39 3859
1717832745940 39 3869
1717832746005 39 3879
1717832752620 39 3879
1717832760404 40 3889
1717832760515 40 3899
1717832760613 40 3909
1717832760709 40 3919
1717832760809 40 3929
1717832760914 40 3939
1717832761016 40 3949
1717832761114 40 3959
1717832761211 40 3969
1717832768088 40 3976
1717832774906 41 3979
1717832775029 41 3989
1717832775144 41 3999
1717832775240 41 4009
1717832775355 41 4019
1717832775459 41 4029
1717832775559 41 4039
1717832775663 41 4049
1717832775760 41 4059
1717832775854 41 4069
1717832783627 41 4073
1717832790082 42 4079
1717832790155 42 4089
1717832790226 42 4099
1717832790292 42 4109
1717832790361 42 4119
1717832790430 42 4129
1717832790501 42 4139
1717832790575 42 4149
1717832790653 42 4159
1717832790724 42 4169
1717832798664 42 4170
1717832805526 43 4179
1717832805593 43 4189
1717832805662 43 4199
1717832805724 43 4209
1717832805795 43 4219
1717832805859 43 4229
1717832805931 43 4239
1717832806007 43 4249
1717832806075 43 4259
1717832812608 43 4267
1717832819541 44 4269
1717832820015 44 4279
1717832820124 44 4289
1717832820224 44 4299
1717832820333 44 4309
1717832820437 44 4319
1717832820545 44 4329
1717832820662 44 4339
1717832820775 44 4349
1717832820882 44 4359
1717832828010 44 4364
1717832834690 45 4369
1717832834768 45 4379
1717832834842 45 4389
1717832834913 45 4399
1717832834983 45 4409
1717832835071 45 4419
1717832835175 45 4429
1717832835302 45 4439
1717832835421 45 4449
1717832835529 45 4459
1717832843792 45 4461
1717832850789 46 4469
1717832850866 46 4479
1717832850937 46 4489
1717832851001 46 4499
1717832851066 46 4509
1717832851133 46 4519
1717832851203 46 4529
1717832851271 46 4539
1717832851344 46 4549
1717832858285 46 4558
1717832866053 47 4559
1717832866381 47 4569
1717832866463 47 4579
1717832866542 47 4589
1717832866617 47 4599
1717832866695 47 4609
1717832866782 47 4619
1717832866878 47 4629
1717832866952 47 4639
1717832867019 47 4649
1717832873515 47 4655
1717832881142 48 4659
1717832881253 48 4669
1717832881344 48 4679
1717832881453 48 4689
1717832881559 48 4699
1717832881660 48 4709
1717832881766 48 4719
1717832881869 48 4729
1717832881969 48 4739
1717832882070 48 4749
1717832889115 48 4752
1717832895708 49 4759
1717832895808 49 4769
1717832895907 49 4779
1717832896006 49 4789
1717832896103 49 4799
1717832896206 49 4809
1717832896311 49 4819
1717832896418 49 4829
1717832896520 49 4839
1717832896624 49 4849
1717832904303 49 4849
1717832910779 50 4859
1717832910849 50 4869
1717832910924 50 4879
1717832910999 50 4889
1717832911072 50 4899
1717832911146 50 4909
1717832911216 50 4919
1717832911289 50 4929
1717832911358 50 4939
1717832919335 50 4946
1717832926599 51 4949
1717832926659 51 4959
1717832926731 51 4969
1717832926799 51 4979
1717832926868 51 4989
1717832926937 51 4999
1717832927003 51 5009
1717832927077 51 5019
1717832927153 51 5029
1717832927220 51 5039
1717832933733 51 5043
1717832941460 52 5049
1717832941566 52 5059
1717832941666 52 5069
1717832941766 52 5079
1717832941868 52 5089
1717832941971 52 5099
1717832942078 52 5109
1717832942179 52 5119
1717832942285 52 5129
1717832942388 52 5139
1717832949128 52 5140
1717832955847 53 5149
1717832955920 53 5159
1717832955990 53 5169
1717832956060 53 5179
1717832956133 53 5189
1717832956202 53 5199
1717832956275 53 5209
1717832956344 53 5219
1717832956409 53 5229
1717832963661 53 5237
1717832970473 54 5239
1717832970766 54 5249
1717832970840 54 5259
1717832970903 54 5269
1717832970974 54 5279
1717832971049 54 5289
1717832971116 54 5299
1717832971188 54 5309
1717832971262 54 5319
1717832971330 54 5329
1717832977742 54 5334
1717832984344 55 5339
1717832984463 55 5349
1717832984557 55 5359
1717832984664 55 5369
1717832984767 55 5379
1717832984862 55 5389
1717832984953 55 5399
1717832985053 55 5409
1717832985152 55 5419
1717832985258 55 5429
1717832993007 55 5431
1717832999416 56 5439
1717832999490 56 5449
1717832999562 56 5459
1717832999626 56 5469
1717832999699 56 5479
1717832999773 56 5489
1717832999847 56 5499
1717832999919 56 5509
1717832999990 56 5519
1717833007214 56 5528
1717833014331 57 5529
1717833014706 57 5539
1717833014780 57 5549
1717833014857 57 5559
1717833014936 57 5569
1717833015012 57 5579
1717833015082 57 5589
1717833015149 57 5599
1717833015220 57 5609
1717833015286 57 5619
1717833021794 57 5625
1717833029592 58 5629
1717833029700 58 5639
1717833029805 58 5649
1717833029911 58 5659
1717833030021 58 5669
1717833030118 58 5679
1717833030216 58 5689
1717833030311 58 5699
1717833030408 58 5709
1717833030511 58 5719
1717833037211 58 5722
1717833043649 59 5729
1717833043723 59 5739
1717833043796 59 5749
1717833043870 59 5759
1717833043939 59 5769
1717833044012 59 5779
1717833044080 59 5789
1717833044150 59 5799
1717833044219 59 5809
1717833044291 59 5819
1717833052183 59 5819
1717833058959 60 5829
1717833059023 60 5839
1717833059095 60 5849
1717833059165 60 5859
1717833059242 60 5869
1717833059314 60 5879
1717833059389 60 5889
1717833059456 60 5899
1717833059528 60 5909
1717833065941 60 5916
1717833073831 61 5919
1717833073913 61 5929
1717833073984 61 5939
1717833074056 61 5949
1717833074126 61 5959
1717833074203 61 5969
1717833074275 61 5979
1717833074343 61 5989
1717833074417 61 5999
1717833074492 61 6009
1717833080906 61 6013
1717833087574 62 6019
1717833087648 62 6029
1717833087717 62 6039
1717833087789 62 6049
1717833087858 62 6059
1717833087932 62 6069
1717833088004 62 6079
1717833088078 62 6089
1717833088142 62 6099
1717833088209 62 6109
1717833096211 62 6110
1717833103069 63 6119
1717833103140 63 6129
1717833103207 63 6139
1717833103275 63 6149
1717833103349 63 6159
1717833103427 63 6169
1717833103490 63 6179
1717833103569 63 6189
1717833103638 63 6199
1717833110113 63 6207
1717833118031 64 6209
1717833118352 64 6219
1717833118428 64 6229
1717833118502 64 6239
1717833118574 64 6249
1717833118641 64 6259
1717833118707 64 6269
1717833118772 64 6279
1717833118840 64 6289
1717833118911 64 6299
1717833125297 64 6304
1717833131701 65 6309
1717833131778 65 6319
1717833131848 65 6329
1717833131917 65 6339
1717833131995 65 6349
1717833132067 65 6359
1717833132137 65 6369
1717833132213 65 6379
1717833132282 65 6389
1717833132348 65 6399
1717833139578 65 6401
1717833147014 66 6409
1717833147087 66 6419
1717833147155 66 6429
1717833147223 66 6439
1717833147300 66 6449
1717833147372 66 6459
1717833147447 66 6469
1717833147524 66 6479
1717833147595 66 6489
1717833154049 66 6498
1717833163144 67 6499
