1717832197178 0.2227047085762024 9
1717832197252 0.28293392062187195 19
1717832197319 0.2895052433013916 29
1717832197388 0.2823830246925354 39
1717832197456 0.1505548655986786 49
1717832197529 0.2517407536506653 59
1717832197600 0.25088974833488464 69
1717832197674 0.16022035479545593 79
1717832197736 0.29619452357292175 89
1717832210851 0.20177806913852692 99
1717832210988 0.21124939620494843 109
1717832211079 0.11488788574934006 119
1717832211169 0.22943590581417084 129
1717832211258 0.24108164012432098 139
1717832211338 0.2243860363960266 149
1717832211408 0.17506538331508636 159
1717832211480 0.2556544244289398 169
1717832211547 0.2661231458187103 179
1717832211631 0.12042966485023499 189
1717832224399 0.27372539043426514 199
1717832224473 0.12136189639568329 209
1717832224543 0.15836572647094727 219
1717832224619 0.18372491002082825 229
1717832224692 0.28383132815361023 239
1717832224768 0.09010625630617142 249
1717832224832 0.13000273704528809 259
1717832224899 0.15451036393642426 269
1717832224965 0.06094638258218765 279
1717832225035 0.252114862203598 289
1717832237862 0.18828177452087402 299
1717832237936 0.09957391023635864 309
1717832238009 0.20331479609012604 319
1717832238080 0.1491909623146057 329
1717832238146 0.22486606240272522 339
1717832238219 0.09540486335754395 349
1717832238290 0.16552619636058807 359
1717832238359 0.2074522078037262 369
1717832238422 0.2316892445087433 379
1717832251168 0.23911303281784058 389
1717832251266 0.2751960754394531 399
1717832251340 0.1723703145980835 409
1717832251414 0.1282799392938614 419
1717832251489 0.22142253816127777 429
1717832251559 0.20177876949310303 439
1717832251645 0.09456785768270493 449
1717832251727 0.15109238028526306 459
1717832251814 0.1522950977087021 469
1717832251894 0.18215590715408325 479
1717832265313 0.14305056631565094 489
1717832265387 0.08007844537496567 499
1717832265460 0.2579333186149597 509
1717832265526 0.19484585523605347 519
1717832265597 0.10976094007492065 529
1717832265665 0.18080970644950867 539
1717832265734 0.20617832243442535 549
1717832265805 0.19789601862430573 559
1717832265872 0.13223619759082794 569
1717832265945 0.13523662090301514 579
1717832278794 0.08903700113296509 589
1717832278865 0.20604927837848663 599
1717832278932 0.21220560371875763 609
1717832279006 0.21255387365818024 619
1717832279079 0.22232457995414734 629
1717832279146 0.16395986080169678 639
1717832279212 0.15403544902801514 649
1717832279283 0.18248401582241058 659
1717832279346 0.16465474665164948 669
1717832291967 0.11653556674718857 679
1717832292191 0.20681041479110718 689
1717832292259 0.07827968150377274 699
1717832292330 0.18673835694789886 709
1717832292398 0.18310044705867767 719
1717832292466 0.10399001091718674 729
1717832292535 0.11058074980974197 739
1717832292602 0.1257203072309494 749
1717832292672 0.19875364005565643 759
1717832292743 0.26002633571624756 769
1717832305592 0.1271182745695114 779
1717832305728 0.13847164809703827 789
1717832305795 0.11427877843379974 799
1717832305862 0.2693513333797455 809
1717832305933 0.2568871080875397 819
1717832306009 0.08907918632030487 829
1717832306080 0.18379442393779755 839
1717832306152 0.2220369428396225 849
1717832306225 0.19954119622707367 859
1717832306289 0.16456006467342377 869
1717832319893 0.2325170338153839 879
1717832319973 0.1823960393667221 889
1717832320042 0.18200697004795074 899
1717832320116 0.08696122467517853 909
1717832320193 0.15856391191482544 919
1717832320262 0.1045343354344368 929
1717832320330 0.16330724954605103 939
1717832320406 0.120611272752285 949
1717832320483 0.3453175127506256 959
1717832320557 0.06091461703181267 969
1717832333844 0.1768418699502945 979
1717832333913 0.18062204122543335 989
1717832333989 0.16502074897289276 999
1717832334065 0.21716555953025818 1009
1717832334133 0.08216049522161484 1019
1717832334229 0.07753521203994751 1029
1717832334322 0.28470662236213684 1039
1717832334414 0.18583063781261444 1049
1717832334505 0.11290725320577621 1059
1717832348248 0.11130262911319733 1069
1717832348317 0.22705647349357605 1079
1717832348391 0.0959162712097168 1089
1717832348458 0.11810983717441559 1099
1717832348533 0.15111617743968964 1109
1717832348605 0.1185961365699768 1119
1717832348677 0.13624753057956696 1129
1717832348748 0.07508053630590439 1139
1717832348818 0.11547382175922394 1149
1717832348885 0.21484778821468353 1159
1717832362481 0.1719091832637787 1169
1717832362560 0.16261820495128632 1179
1717832362630 0.12360849231481552 1189
1717832362698 0.2405189871788025 1199
1717832362769 0.18645796179771423 1209
1717832362841 0.2533698081970215 1219
1717832362911 0.08865319192409515 1229
1717832362981 0.19116216897964478 1239
1717832363054 0.1960192620754242 1249
1717832363123 0.1676267385482788 1259
1717832376236 0.12925109267234802 1269
1717832376329 0.05346532538533211 1279
1717832376421 0.20429864525794983 1289
1717832376527 0.22690777480602264 1299
1717832376630 0.06407950073480606 1309
1717832376732 0.15449298918247223 1319
1717832376834 0.20338155329227448 1329
1717832376938 0.20758157968521118 1339
1717832377050 0.07477875798940659 1349
1717832390514 0.16160249710083008 1359
1717832390590 0.22062399983406067 1369
1717832390666 0.2587722837924957 1379
1717832390745 0.16386573016643524 1389
1717832390818 0.18300573527812958 1399
1717832390894 0.21448950469493866 1409
1717832390966 0.10652106255292892 1419
1717832391030 0.11344385892152786 1429
1717832391095 0.24962204694747925 1439
1717832391164 0.10403289645910263 1449
1717832404564 0.15659546852111816 1459
1717832404637 0.1803867369890213 1469
1717832404709 0.11211644113063812 1479
1717832404781 0.14557908475399017 1489
1717832404859 0.22306658327579498 1499
1717832404927 0.08592654764652252 1509
1717832404994 0.1268720030784607 1519
1717832405066 0.14330711960792542 1529
1717832405138 0.1033448725938797 1539
1717832405213 0.04949027672410011 1549
1717832418404 0.09954999387264252 1559
1717832418485 0.10376255214214325 1569
1717832418552 0.43245649337768555 1579
1717832418622 0.11024689674377441 1589
1717832418696 0.025011863559484482 1599
1717832418769 0.2912663221359253 1609
1717832418846 0.2800014615058899 1619
1717832418924 0.3825396001338959 1629
1717832418995 0.06556165963411331 1639
1717832432515 0.07731346786022186 1649
1717832432828 0.16284339129924774 1659
1717832432898 0.14323575794696808 1669
1717832432970 0.1538122445344925 1679
1717832433046 0.07421742379665375 1689
1717832433118 0.14675641059875488 1699
1717832433188 0.09510790556669235 1709
1717832433257 0.2322741150856018 1719
1717832433332 0.22255682945251465 1729
1717832433398 0.17333266139030457 1739
1717832446813 0.352071613073349 1749
1717832446906 0.20803271234035492 1759
1717832446976 0.06331352889537811 1769
1717832447051 0.13007000088691711 1779
1717832447122 0.19927117228507996 1789
1717832447189 0.116356760263443 1799
1717832447262 0.11706839501857758 1809
1717832447334 0.3180454969406128 1819
1717832447409 0.05820617079734802 1829
1717832447478 0.11882141977548599 1839
1717832460619 0.09512646496295929 1849
1717832460685 0.24327529966831207 1859
1717832460758 0.034657593816518784 1869
1717832460832 0.12225201725959778 1879
1717832460907 0.11117440462112427 1889
1717832460982 0.12302817404270172 1899
1717832461056 0.11503453552722931 1909
1717832461128 0.24693822860717773 1919
1717832461200 0.2030903846025467 1929
1717832461271 0.1361294984817505 1939
1717832474667 0.1436062753200531 1949
1717832474742 0.13275864720344543 1959
1717832474813 0.125732883810997 1969
1717832474886 0.18656903505325317 1979
1717832474963 0.17642493546009064 1989
1717832475032 0.1220826804637909 1999
1717832475102 0.1334209144115448 2009
1717832475170 0.2129632532596588 2019
1717832475234 0.12630951404571533 2029
1717832488679 0.2045443207025528 2039
1717832488751 0.10120968520641327 2049
1717832488824 0.2185046523809433 2059
1717832488898 0.1567252278327942 2069
1717832488974 0.04721727967262268 2079
1717832489049 0.24348227679729462 2089
1717832489135 0.16478079557418823 2099
1717832489207 0.11267130076885223 2109
1717832489276 0.2684711813926697 2119
1717832489345 0.1991402506828308 2129
1717832502648 0.23761966824531555 2139
1717832502736 0.09140540659427643 2149
1717832502815 0.3755623400211334 2159
1717832502909 0.19832535088062286 2169
1717832503000 0.2169726938009262 2179
1717832503086 0.10576742142438889 2189
1717832503176 0.16057156026363373 2199
1717832503266 0.11683511734008789 2209
1717832503345 0.1344023048877716 2219
1717832503436 0.3276914656162262 2229
1717832516952 0.14671488106250763 2239
1717832517023 0.13721734285354614 2249
1717832517095 0.12125954031944275 2259
1717832517168 0.12458009272813797 2269
1717832517233 0.23543748259544373 2279
1717832517306 0.05595211312174797 2289
1717832517375 0.13939885795116425 2299
1717832517449 0.14016038179397583 2309
1717832517520 0.10207879543304443 2319
1717832530881 0.09734725207090378 2329
1717832531116 0.19913648068904877 2339
1717832531184 0.08399126678705215 2349
1717832531253 0.23110979795455933 2359
1717832531323 0.12806452810764313 2369
1717832531387 0.10030954331159592 2379
1717832531456 0.18159666657447815 2389
1717832531530 0.13298827409744263 2399
1717832531595 0.13244803249835968 2409
1717832531661 0.10312993824481964 2419
1717832544910 0.10188621282577515 2429
1717832545001 0.20477896928787231 2439
1717832545089 0.2492261528968811 2449
1717832545173 0.12376878410577774 2459
1717832545261 0.09941001981496811 2469
1717832545354 0.17617370188236237 2479
1717832545445 0.10729914158582687 2489
1717832545537 0.3352445662021637 2499
1717832545620 0.16304895281791687 2509
1717832545697 0.15880869328975677 2519
1717832558979 0.07130420207977295 2529
1717832559072 0.2678642272949219 2539
1717832559146 0.1116340160369873 2549
1717832559213 0.11306511610746384 2559
1717832559290 0.2720264792442322 2569
1717832559366 0.10755591839551926 2579
1717832559435 0.3610328435897827 2589
1717832559501 0.18093886971473694 2599
1717832559573 0.2138812392950058 2609
1717832572791 0.11980047821998596 2619
1717832573069 0.12044835835695267 2629
1717832573138 0.2187572866678238 2639
1717832573213 0.14134496450424194 2649
1717832573282 0.16182835400104523 2659
1717832573353 0.07747916877269745 2669
1717832573428 0.1449580043554306 2679
1717832573498 0.13030779361724854 2689
1717832573568 0.10474765300750732 2699
1717832573635 0.10074208676815033 2709
1717832586955 0.1468716412782669 2719
1717832587041 0.10260456055402756 2729
1717832587123 0.16216441988945007 2739
1717832587207 0.413557767868042 2749
1717832587300 0.1795204132795334 2759
1717832587389 0.17801877856254578 2769
1717832587478 0.06886986643075943 2779
1717832587557 0.1456422358751297 2789
1717832587634 0.07488559186458588 2799
1717832587709 0.06345543265342712 2809
1717832601327 0.13592717051506042 2819
1717832601404 0.21980856359004974 2829
1717832601475 0.25611764192581177 2839
1717832601537 0.3697659373283386 2849
1717832601611 0.22585777938365936 2859
1717832601687 0.13251620531082153 2869
1717832601762 0.11247279495000839 2879
1717832601839 0.1017768383026123 2889
1717832601912 0.06327950209379196 2899
1717832601981 0.1831628382205963 2909
1717832615482 0.1680164486169815 2919
1717832615564 0.20998208224773407 2929
1717832615635 0.3344721794128418 2939
1717832615709 0.11926580965518951 2949
1717832615778 0.10320688039064407 2959
1717832615849 0.10447447001934052 2969
1717832615921 0.15643444657325745 2979
1717832615997 0.1516118198633194 2989
1717832616064 0.17638877034187317 2999
1717832629484 0.14428415894508362 3009
1717832629608 0.1837233603000641 3019
1717832629686 0.3763703405857086 3029
1717832629782 0.12587253749370575 3039
1717832629882 0.19360420107841492 3049
1717832629977 0.14168071746826172 3059
1717832630076 0.10638129711151123 3069
1717832630176 0.09318503737449646 3079
1717832630280 0.13191552460193634 3089
1717832630368 0.12573131918907166 3099
1717832643574 0.18081796169281006 3109
1717832643674 0.22844816744327545 3119
1717832643743 0.1412782520055771 3129
1717832643819 0.14455008506774902 3139
1717832643888 0.08690940588712692 3149
1717832643954 0.20257312059402466 3159
1717832644021 0.23034830391407013 3169
1717832644091 0.16344667971134186 3179
1717832644163 0.07405557483434677 3189
1717832644233 0.19179624319076538 3199
1717832657732 0.20682364702224731 3209
1717832657809 0.15509772300720215 3219
1717832657884 0.16289882361888885 3229
1717832657952 0.08042798936367035 3239
1717832658025 0.18267332017421722 3249
1717832658098 0.1951838880777359 3259
1717832658171 0.117217518389225 3269
1717832658238 0.10887341946363449 3279
1717832658312 0.0948772206902504 3289
1717832671585 0.15249019861221313 3299
1717832671669 0.15479843318462372 3309
1717832671744 0.15474539995193481 3319
1717832671827 0.20152659714221954 3329
1717832671901 0.14045290648937225 3339
1717832671985 0.13727885484695435 3349
1717832672060 0.1364942044019699 3359
1717832672136 0.2101300209760666 3369
1717832672210 0.2469286173582077 3379
1717832672279 0.17058998346328735 3389
1717832685357 0.06915462017059326 3399
1717832685430 0.5203742384910583 3409
1717832685498 0.07947541773319244 3419
1717832685568 0.17308419942855835 3429
1717832685639 0.14782030880451202 3439
1717832685711 0.2589127719402313 3449
1717832685783 0.22539986670017242 3459
1717832685850 0.3194766044616699 3469
1717832685919 0.18160372972488403 3479
1717832685992 0.2077563852071762 3489
1717832699498 0.1258029192686081 3499
1717832699597 0.20382148027420044 3509
1717832699670 0.14121778309345245 3519
1717832699743 0.09715358912944794 3529
1717832699818 0.029789358377456665 3539
1717832699921 0.17994409799575806 3549
1717832700022 0.19124184548854828 3559
1717832700122 0.14357474446296692 3569
1717832700225 0.30961284041404724 3579
1717832714674 0.130903959274292 3589
1717832714932 0.1759330779314041 3599
1717832715003 0.15219125151634216 3609
1717832715073 0.13009367883205414 3619
1717832715144 0.2713598608970642 3629
1717832715214 0.0797848030924797 3639
1717832715284 0.15755726397037506 3649
1717832715353 0.176458939909935 3659
1717832715429 0.19522251188755035 3669
1717832715490 0.1104719489812851 3679
1717832730132 0.27831587195396423 3689
1717832730333 0.16957420110702515 3699
1717832730404 0.18402059376239777 3709
1717832730474 0.10456816852092743 3719
1717832730541 0.25013208389282227 3729
1717832730610 0.115810826420784 3739
1717832730679 0.12198177725076675 3749
1717832730749 0.11771030724048615 3759
1717832730823 0.2842104732990265 3769
1717832730890 0.3391881287097931 3779
1717832745368 0.12951165437698364 3789
1717832745439 0.15527354180812836 3799
1717832745510 0.19325555860996246 3809
1717832745581 0.12744981050491333 3819
1717832745649 0.09642393887042999 3829
1717832745722 0.10995624959468842 3839
1717832745797 0.07489152997732162 3849
1717832745866 0.1780303418636322 3859
1717832745940 0.2273920774459839 3869
1717832746005 0.2301965355873108 3879
1717832760404 0.14621777832508087 3889
1717832760515 0.10676448047161102 3899
1717832760613 0.1431576907634735 3909
1717832760709 0.12274075299501419 3919
1717832760809 0.19449135661125183 3929
1717832760914 0.23114292323589325 3939
1717832761016 0.32102543115615845 3949
1717832761114 0.13445401191711426 3959
1717832761211 0.11856232583522797 3969
1717832774906 0.10291151702404022 3979
1717832775029 0.08337955176830292 3989
1717832775144 0.1369262933731079 3999
1717832775240 0.32842281460762024 4009
1717832775355 0.11257628351449966 4019
1717832775459 0.1269732415676117 4029
1717832775559 0.1196727305650711 4039
1717832775663 0.17193834483623505 4049
1717832775760 0.1341000646352768 4059
1717832775854 0.2271474450826645 4069
1717832790082 0.12423238903284073 4079
1717832790155 0.10870809108018875 4089
1717832790226 0.1640871912240982 4099
1717832790292 0.30335375666618347 4109
1717832790361 0.09594940394163132 4119
1717832790430 0.03625955432653427 4129
1717832790501 0.13746407628059387 4139
1717832790575 0.2585200071334839 4149
1717832790653 0.05305369570851326 4159
1717832790724 0.13401518762111664 4169
1717832805526 0.17568309605121613 4179
1717832805593 0.10199339687824249 4189
1717832805662 0.1882839947938919 4199
1717832805724 0.10664256662130356 4209
1717832805795 0.25323349237442017 4219
1717832805859 0.1167440414428711 4229
1717832805931 0.14858326315879822 4239
1717832806007 0.08473396301269531 4249
1717832806075 0.166160449385643 4259
1717832819541 0.1411120593547821 4269
1717832820015 0.1693759560585022 4279
1717832820124 0.1319197118282318 4289
1717832820224 0.09777574986219406 4299
1717832820333 0.19972994923591614 4309
1717832820437 0.0738351047039032 4319
1717832820545 0.1901436746120453 4329
1717832820662 0.06782391667366028 4339
1717832820775 0.24624739587306976 4349
1717832820882 0.03482199087738991 4359
1717832834690 0.04530666023492813 4369
1717832834768 0.1232195571064949 4379
1717832834842 0.23500901460647583 4389
1717832834913 0.11580461263656616 4399
1717832834983 0.15339721739292145 4409
1717832835071 0.1100236177444458 4419
1717832835175 0.21477794647216797 4429
1717832835302 0.11407650262117386 4439
1717832835421 0.23265914618968964 4449
1717832835529 0.10844846069812775 4459
1717832850789 0.3126324415206909 4469
1717832850866 0.19394057989120483 4479
1717832850937 0.12132307887077332 4489
1717832851001 0.19005469977855682 4499
1717832851066 0.06508395075798035 4509
1717832851133 0.08340197801589966 4519
1717832851203 0.1003190279006958 4529
1717832851271 0.05627172067761421 4539
1717832851344 0.1715770810842514 4549
1717832866053 0.0607876218855381 4559
1717832866381 0.03843849524855614 4569
1717832866463 0.11099930107593536 4579
1717832866542 0.1045001819729805 4589
1717832866617 0.160552516579628 4599
1717832866695 0.0966651663184166 4609
1717832866782 0.1792905479669571 4619
1717832866878 0.034279678016901016 4629
1717832866952 0.1705801635980606 4639
1717832867019 0.08957590907812119 4649
1717832881142 0.17689351737499237 4659
1717832881253 0.09750127047300339 4669
1717832881344 0.08278423547744751 4679
1717832881453 0.17732283473014832 4689
1717832881559 0.20876054465770721 4699
1717832881660 0.07637438178062439 4709
1717832881766 0.40959078073501587 4719
1717832881869 0.12380772829055786 4729
1717832881969 0.07002992182970047 4739
1717832882070 0.05147305130958557 4749
1717832895708 0.13256321847438812 4759
1717832895808 0.1601507067680359 4769
1717832895907 0.1260617971420288 4779
1717832896006 0.1346610188484192 4789
1717832896103 0.17625580728054047 4799
1717832896206 0.3934083878993988 4809
1717832896311 0.12893077731132507 4819
1717832896418 0.1503344029188156 4829
1717832896520 0.20218081772327423 4839
1717832896624 0.07901212573051453 4849
1717832910779 0.14183372259140015 4859
1717832910849 0.10183901339769363 4869
1717832910924 0.12340813875198364 4879
1717832910999 0.15663400292396545 4889
1717832911072 0.06285086274147034 4899
1717832911146 0.16153742372989655 4909
1717832911216 0.12343177944421768 4919
1717832911289 0.20695526897907257 4929
1717832911358 0.0908871591091156 4939
1717832926599 0.10279162973165512 4949
1717832926659 0.0887952670454979 4959
1717832926731 0.1583722084760666 4969
1717832926799 0.11711324751377106 4979
1717832926868 0.18651451170444489 4989
1717832926937 0.12965889275074005 4999
1717832927003 0.3968883454799652 5009
1717832927077 0.15141235291957855 5019
1717832927153 0.121511310338974 5029
1717832927220 0.13089480996131897 5039
1717832941460 0.0703524723649025 5049
1717832941566 0.15991775691509247 5059
1717832941666 0.13725808262825012 5069
1717832941766 0.1547427624464035 5079
1717832941868 0.06325056403875351 5089
1717832941971 0.10830628126859665 5099
1717832942078 0.08718974888324738 5109
1717832942179 0.13932658731937408 5119
1717832942285 0.17213737964630127 5129
1717832942388 0.09063692390918732 5139
1717832955847 0.24861060082912445 5149
1717832955920 0.2000897228717804 5159
1717832955990 0.1265188604593277 5169
1717832956060 0.17385807633399963 5179
1717832956133 0.14590521156787872 5189
1717832956202 0.19570784270763397 5199
1717832956275 0.10287034511566162 5209
1717832956344 0.1769029051065445 5219
1717832956409 0.09728779643774033 5229
1717832970473 0.1252554953098297 5239
1717832970766 0.09399807453155518 5249
1717832970840 0.15196242928504944 5259
1717832970903 0.24605683982372284 5269
1717832970974 0.37895330786705017 5279
1717832971049 0.2282804250717163 5289
1717832971116 0.06143901124596596 5299
1717832971188 0.09911513328552246 5309
1717832971262 0.17264756560325623 5319
1717832971330 0.26380226016044617 5329
1717832984344 0.3553478419780731 5339
1717832984463 0.1617821902036667 5349
1717832984557 0.16129282116889954 5359
1717832984664 0.1622074991464615 5369
1717832984767 0.15210814774036407 5379
1717832984862 0.25297653675079346 5389
1717832984953 0.10039772838354111 5399
1717832985053 0.09269498288631439 5409
1717832985152 0.13431967794895172 5419
1717832985258 0.10577388852834702 5429
1717832999416 0.11538384854793549 5439
1717832999490 0.17679686844348907 5449
1717832999562 0.12854143977165222 5459
1717832999626 0.2849055528640747 5469
1717832999699 0.11959893256425858 5479
1717832999773 0.05980211868882179 5489
1717832999847 0.1128435730934143 5499
1717832999919 0.1818827986717224 5509
1717832999990 0.07378987222909927 5519
1717833014331 0.07226525247097015 5529
1717833014706 0.04680539667606354 5539
1717833014780 0.14201819896697998 5549
1717833014857 0.09148287028074265 5559
1717833014936 0.2870447635650635 5569
1717833015012 0.07392072677612305 5579
1717833015082 0.10109025985002518 5589
1717833015149 0.11777909845113754 5599
1717833015220 0.11142994463443756 5609
1717833015286 0.1015722006559372 5619
1717833029592 0.06319531053304672 5629
1717833029700 0.09609541296958923 5639
1717833029805 0.09876134991645813 5649
1717833029911 0.14320935308933258 5659
1717833030021 0.041210442781448364 5669
1717833030118 0.22705815732479095 5679
1717833030216 0.09162390232086182 5689
1717833030311 0.16993597149848938 5699
1717833030408 0.10886460542678833 5709
1717833030511 0.17966961860656738 5719
1717833043649 0.09411268681287766 5729
1717833043723 0.1977303922176361 5739
1717833043796 0.30413779616355896 5749
1717833043870 0.24997243285179138 5759
1717833043939 0.25898051261901855 5769
1717833044012 0.12849542498588562 5779
1717833044080 0.21275651454925537 5789
1717833044150 0.14004084467887878 5799
1717833044219 0.0768628641963005 5809
1717833044291 0.15286262333393097 5819
1717833058959 0.1965414136648178 5829
1717833059023 0.0428788997232914 5839
1717833059095 0.12903675436973572 5849
1717833059165 0.12936246395111084 5859
1717833059242 0.08132319152355194 5869
1717833059314 0.16290727257728577 5879
1717833059389 0.11646997928619385 5889
1717833059456 0.07227253168821335 5899
1717833059528 0.26998376846313477 5909
1717833073831 0.2794298529624939 5919
1717833073913 0.12392828613519669 5929
1717833073984 0.1124832034111023 5939
1717833074056 0.15712669491767883 5949
1717833074126 0.2477216273546219 5959
1717833074203 0.3031723201274872 5969
1717833074275 0.11048917472362518 5979
1717833074343 0.10879701375961304 5989
1717833074417 0.22184424102306366 5999
1717833074492 0.11445800215005875 6009
1717833087574 0.2939954400062561 6019
1717833087648 0.04972202703356743 6029
1717833087717 0.15793126821517944 6039
1717833087789 0.07783173024654388 6049
1717833087858 0.1847902238368988 6059
1717833087932 0.0708329975605011 6069
1717833088004 0.13628879189491272 6079
1717833088078 0.12474486976861954 6089
1717833088142 0.21582327783107758 6099
1717833088209 0.10785134136676788 6109
1717833103069 0.31827104091644287 6119
1717833103140 0.07977601140737534 6129
1717833103207 0.2123558223247528 6139
1717833103275 0.12648941576480865 6149
1717833103349 0.1154894158244133 6159
1717833103427 0.06146964803338051 6169
1717833103490 0.10119348764419556 6179
1717833103569 0.21106193959712982 6189
1717833103638 0.13040734827518463 6199
1717833118031 0.13105233013629913 6209
1717833118352 0.04885256290435791 6219
1717833118428 0.25589191913604736 6229
1717833118502 0.1591917723417282 6239
1717833118574 0.04559904709458351 6249
1717833118641 0.08674587309360504 6259
1717833118707 0.08308154344558716 6269
1717833118772 0.18857602775096893 6279
1717833118840 0.10420164465904236 6289
1717833118911 0.1080118864774704 6299
1717833131701 0.12966874241828918 6309
1717833131778 0.11768784373998642 6319
1717833131848 0.22242923080921173 6329
1717833131917 0.17411647737026215 6339
1717833131995 0.1508496105670929 6349
1717833132067 0.26471441984176636 6359
1717833132137 0.1326746791601181 6369
1717833132213 0.065090112388134 6379
1717833132282 0.13312800228595734 6389
1717833132348 0.23353096842765808 6399
1717833147014 0.18181873857975006 6409
1717833147087 0.11847174912691116 6419
1717833147155 0.2475655972957611 6429
1717833147223 0.23643183708190918 6439
1717833147300 0.09287099540233612 6449
1717833147372 0.15332527458667755 6459
1717833147447 0.06348613649606705 6469
1717833147524 0.060418058186769485 6479
1717833147595 0.08251132071018219 6489
