1717772769202 0 9
1717772769263 0 19
1717772775666 0 26
1717772782334 1 29
1717772782392 1 39
1717772782445 1 49
1717772788576 1 53
1717772795049 2 59
1717772795107 2 69
1717772795158 2 79
1717772801154 2 80
1717772807668 3 89
1717772807725 3 99
1717772813885 3 107
1717772820126 4 109
1717772820347 4 119
1717772820405 4 129
1717772826380 4 134
1717772833229 5 139
1717772833302 5 149
1717772833375 5 159
1717772839847 5 161
1717772846439 6 169
1717772846496 6 179
1717772852840 6 188
1717772859166 7 189
1717772859432 7 199
1717772859486 7 209
1717772865448 7 215
1717772871997 8 219
1717772872058 8 229
1717772872115 8 239
1717772878221 8 242
1717772885172 9 249
1717772885222 9 259
1717772885280 9 269
1717772891718 9 269
1717772898409 10 279
1717772898470 10 289
