1717772769202 0.1860235035419464 9
1717772769263 0.1804492324590683 19
1717772782334 0.12550662457942963 29
1717772782392 0.17235217988491058 39
1717772782445 0.12998753786087036 49
1717772795049 0.15050581097602844 59
1717772795107 0.19028104841709137 69
1717772795158 0.19998504221439362 79
1717772807668 0.21692968904972076 89
1717772807725 0.2346617728471756 99
1717772820126 0.12114936858415604 109
1717772820347 0.1734771877527237 119
1717772820405 0.13680317997932434 129
1717772833229 0.14835524559020996 139
1717772833302 0.10186996310949326 149
1717772833375 0.11171898245811462 159
1717772846439 0.14096865057945251 169
1717772846496 0.1353360116481781 179
1717772859166 0.1257442682981491 189
1717772859432 0.15378527343273163 199
1717772859486 0.15518328547477722 209
1717772871997 0.13640359044075012 219
1717772872058 0.1272934377193451 229
1717772872115 0.14862869679927826 239
1717772885172 0.10528115928173065 249
1717772885222 0.14705073833465576 259
1717772885280 0.1597764641046524 269
1717772898409 0.13970769941806793 279
1717772898470 0.15344950556755066 289
