1717781859129 0 9
1717781859182 0 19
1717781865174 0 23
1717781871631 1 29
1717781871685 1 39
1717781877698 1 47
1717781884086 2 49
1717781884362 2 59
1717781884419 2 69
1717781890640 2 71
1717781897293 3 79
1717781897345 3 89
1717781903821 3 95
1717781910333 4 99
1717781910408 4 109
1717781910461 4 119
1717781916480 4 119
1717781922964 5 129
1717781923017 5 139
1717781929254 5 143
1717781935806 6 149
1717781935860 6 159
1717781942002 6 167
1717781948347 7 169
1717781948637 7 179
1717781948688 7 189
1717781954898 7 191
1717781961786 8 199
1717781961837 8 209
1717781968351 8 215
1717781975170 9 219
1717781975225 9 229
1717781975277 9 239
1717781981499 9 239
1717781988119 10 249
1717781988168 10 259
1717781994841 10 263
1717782001456 11 269
1717782001506 11 279
1717782007663 11 287
1717782014109 12 289
1717782014354 12 299
1717782014407 12 309
1717782021250 12 311
1717782027870 13 319
1717782027923 13 329
1717782034044 13 335
1717782040434 14 339
1717782040674 14 349
1717782040722 14 359
1717782046842 14 359
1717782053484 15 369
1717782053536 15 379
1717782059627 15 383
1717782066701 16 389
1717782066763 16 399
1717782073069 16 407
1717782079669 17 409
1717782079721 17 419
1717782079773 17 429
1717782085836 17 431
1717782092459 18 439
1717782092508 18 449
1717782098783 18 455
1717782105396 19 459
1717782105448 19 469
1717782105506 19 479
1717782111571 19 479
1717782120587 20 480
