1717781859129 0.3510156273841858 9
1717781859182 0.21493873000144958 19
1717781871631 0.2798490524291992 29
1717781871685 0.24983537197113037 39
1717781884086 0.2921387255191803 49
1717781884362 0.2044352889060974 59
1717781884419 0.13549765944480896 69
1717781897293 0.21693070232868195 79
1717781897345 0.1473630666732788 89
1717781910333 0.14048193395137787 99
1717781910408 0.2764549255371094 109
1717781910461 0.23739506304264069 119
1717781922964 0.20349514484405518 129
1717781923017 0.19591036438941956 139
1717781935806 0.2527354657649994 149
1717781935860 0.19458048045635223 159
1717781948347 0.1598554402589798 169
1717781948637 0.11689015477895737 179
1717781948688 0.18247120082378387 189
1717781961786 0.11578501015901566 199
1717781961837 0.16996243596076965 209
1717781975170 0.12819260358810425 219
1717781975225 0.11393732577562332 229
1717781975277 0.1854819506406784 239
1717781988119 0.19791439175605774 249
1717781988168 0.11721160262823105 259
1717782001456 0.20646418631076813 269
1717782001506 0.09733301401138306 279
1717782014109 0.12597541511058807 289
1717782014354 0.17406409978866577 299
1717782014407 0.2562948167324066 309
1717782027870 0.11071281135082245 319
1717782027923 0.15994064509868622 329
1717782040434 0.1383500099182129 339
1717782040674 0.16302204132080078 349
1717782040722 0.13586710393428802 359
1717782053484 0.09244541078805923 369
1717782053536 0.12293346226215363 379
1717782066701 0.08479838818311691 389
1717782066763 0.15203413367271423 399
1717782079669 0.11528854072093964 409
1717782079721 0.22193293273448944 419
1717782079773 0.1308629959821701 429
1717782092459 0.16086837649345398 439
1717782092508 0.23139098286628723 449
1717782105396 0.15395988523960114 459
1717782105448 0.06752432882785797 469
1717782105506 0.10740049928426743 479
