1717814126361 0 9
1717814126440 0 19
1717814132457 0 23
1717814139070 1 29
1717814139148 1 39
1717814145404 1 47
1717814152138 2 49
1717814152405 2 59
1717814152485 2 69
1717814158849 2 71
1717814165473 3 79
1717814165551 3 89
1717814172194 3 95
1717814178702 4 99
1717814178829 4 109
1717814178918 4 119
1717814184909 4 119
1717814191479 5 129
1717814191561 5 139
1717814197634 5 143
1717814204194 6 149
1717814204309 6 159
1717814210572 6 167
1717814217260 7 169
1717814217341 7 179
1717814217419 7 189
1717814223647 7 191
1717814230268 8 199
1717814230346 8 209
1717814236541 8 215
1717814243198 9 219
1717814243280 9 229
1717814243362 9 239
1717814249637 9 239
1717814256516 10 249
1717814256603 10 259
1717814270643 10 263
1717814285182 11 269
1717814285259 11 279
1717814291327 11 287
1717814297524 12 289
1717814297790 12 299
1717814297867 12 309
1717814303944 12 311
1717814310415 13 319
1717814310491 13 329
1717814316495 13 335
1717814323021 14 339
1717814323106 14 349
1717814323182 14 359
1717814329150 14 359
1717814335973 15 369
1717814336057 15 379
1717814342057 15 383
1717814348423 16 389
1717814348500 16 399
1717814354694 16 407
1717814361163 17 409
1717814361241 17 419
1717814361312 17 429
1717814367277 17 431
1717814373694 18 439
1717814373774 18 449
1717814379790 18 455
1717814386106 19 459
1717814386285 19 469
1717814386359 19 479
1717814392320 19 479
1717814401440 20 480
