1717814126361 0.3510156273841858 9
1717814126440 0.21493873000144958 19
1717814139070 0.2798490524291992 29
1717814139148 0.24983537197113037 39
1717814152138 0.2921387255191803 49
1717814152405 0.2044352889060974 59
1717814152485 0.13549765944480896 69
1717814165473 0.21693070232868195 79
1717814165551 0.1473630666732788 89
1717814178702 0.14048193395137787 99
1717814178829 0.2764549255371094 109
1717814178918 0.23739506304264069 119
1717814191479 0.20349514484405518 129
1717814191561 0.19591036438941956 139
1717814204194 0.2527354657649994 149
1717814204309 0.19458048045635223 159
1717814217260 0.1598554402589798 169
1717814217341 0.11689015477895737 179
1717814217419 0.18247120082378387 189
1717814230268 0.11578501015901566 199
1717814230346 0.16996243596076965 209
1717814243198 0.12819260358810425 219
1717814243280 0.11393732577562332 229
1717814243362 0.1854819506406784 239
1717814256516 0.19791439175605774 249
1717814256603 0.11721160262823105 259
1717814285182 0.20646418631076813 269
1717814285259 0.09733301401138306 279
1717814297524 0.12597541511058807 289
1717814297790 0.17406409978866577 299
1717814297867 0.2562948167324066 309
1717814310415 0.11071281135082245 319
1717814310491 0.15994064509868622 329
1717814323021 0.1383500099182129 339
1717814323106 0.16302204132080078 349
1717814323182 0.13586710393428802 359
1717814335973 0.09244541078805923 369
1717814336057 0.12293346226215363 379
1717814348423 0.08479838818311691 389
1717814348500 0.15203413367271423 399
1717814361163 0.11528854072093964 409
1717814361241 0.22193293273448944 419
1717814361312 0.1308629959821701 429
1717814373694 0.16086837649345398 439
1717814373774 0.23139098286628723 449
1717814386106 0.15395988523960114 459
1717814386285 0.06752432882785797 469
1717814386359 0.10740049928426743 479
