1717830239000 0 9
1717830239078 0 19
1717830239155 0 29
1717830239226 0 39
1717830239302 0 49
1717830239388 0 59
1717830239466 0 69
1717830239540 0 79
1717830239605 0 89
1717830245948 0 96
1717830252255 1 99
1717830252332 1 109
1717830252399 1 119
1717830252470 1 129
1717830252539 1 139
1717830252612 1 149
1717830252686 1 159
1717830252761 1 169
1717830252830 1 179
1717830252900 1 189
1717830259268 1 193
1717830265701 2 199
1717830265776 2 209
1717830265852 2 219
1717830265926 2 229
1717830266002 2 239
1717830266076 2 249
1717830266144 2 259
1717830266216 2 269
1717830266289 2 279
1717830266356 2 289
1717830272814 2 290
1717830279265 3 299
1717830279339 3 309
1717830279408 3 319
1717830279477 3 329
1717830279541 3 339
1717830279612 3 349
1717830279687 3 359
1717830279762 3 369
1717830279826 3 379
1717830286287 3 387
1717830292713 4 389
1717830292780 4 399
1717830292845 4 409
1717830292918 4 419
1717830292994 4 429
1717830293065 4 439
1717830293132 4 449
1717830293207 4 459
1717830293274 4 469
1717830293339 4 479
1717830300611 4 484
1717830307032 5 489
1717830307101 5 499
1717830307170 5 509
1717830307236 5 519
1717830307311 5 529
1717830307378 5 539
1717830307445 5 549
1717830307511 5 559
1717830307579 5 569
1717830307643 5 579
1717830314207 5 581
1717830321529 6 589
1717830321595 6 599
1717830321666 6 609
1717830321739 6 619
1717830321807 6 629
1717830321876 6 639
1717830321949 6 649
1717830322021 6 659
1717830322085 6 669
1717830328645 6 678
1717830335151 7 679
1717830335278 7 689
1717830335353 7 699
1717830335428 7 709
1717830335497 7 719
1717830335566 7 729
1717830335637 7 739
1717830335705 7 749
1717830335779 7 759
1717830335845 7 769
1717830342341 7 775
1717830348919 8 779
1717830348997 8 789
1717830349065 8 799
1717830349136 8 809
1717830349204 8 819
1717830349273 8 829
1717830349340 8 839
1717830349409 8 849
1717830349479 8 859
1717830349552 8 869
1717830356128 8 872
1717830363093 9 879
1717830363191 9 889
1717830363295 9 899
1717830363388 9 909
1717830363478 9 919
1717830363569 9 929
1717830363650 9 939
1717830363733 9 949
1717830363808 9 959
1717830363885 9 969
1717830370507 9 969
1717830377088 10 979
1717830377161 10 989
1717830377231 10 999
1717830377306 10 1009
1717830377377 10 1019
1717830377449 10 1029
1717830377518 10 1039
1717830377586 10 1049
1717830377658 10 1059
1717830384734 10 1066
1717830391610 11 1069
1717830391801 11 1079
1717830391870 11 1089
1717830391937 11 1099
1717830392014 11 1109
1717830392083 11 1119
1717830392155 11 1129
1717830392227 11 1139
1717830392298 11 1149
1717830392363 11 1159
1717830398974 11 1163
1717830405809 12 1169
1717830405921 12 1179
1717830406022 12 1189
1717830406129 12 1199
1717830406235 12 1209
1717830406323 12 1219
1717830406419 12 1229
1717830406506 12 1239
1717830406599 12 1249
1717830406689 12 1259
1717830413416 12 1260
1717830419984 13 1269
1717830420063 13 1279
1717830420135 13 1289
1717830420211 13 1299
1717830420275 13 1309
1717830420353 13 1319
1717830420423 13 1329
1717830420492 13 1339
1717830420564 13 1349
1717830427416 13 1357
1717830434345 14 1359
1717830434540 14 1369
1717830434613 14 1379
1717830434684 14 1389
1717830434757 14 1399
1717830434834 14 1409
1717830434902 14 1419
1717830434976 14 1429
1717830435047 14 1439
1717830435121 14 1449
1717830441648 14 1454
1717830448117 15 1459
1717830448234 15 1469
1717830448305 15 1479
1717830448378 15 1489
1717830448452 15 1499
1717830448519 15 1509
1717830448599 15 1519
1717830448678 15 1529
1717830448753 15 1539
1717830448818 15 1549
1717830455439 15 1551
1717830462980 16 1559
1717830463059 16 1569
1717830463135 16 1579
1717830463212 16 1589
1717830463290 16 1599
1717830463375 16 1609
1717830463464 16 1619
1717830463569 16 1629
1717830463665 16 1639
1717830470401 16 1648
1717830476686 17 1649
1717830477041 17 1659
1717830477117 17 1669
1717830477186 17 1679
1717830477258 17 1689
1717830477332 17 1699
1717830477409 17 1709
1717830477483 17 1719
1717830477557 17 1729
1717830477628 17 1739
1717830485001 17 1745
1717830491654 18 1749
1717830491727 18 1759
1717830491800 18 1769
1717830491873 18 1779
1717830491941 18 1789
1717830492015 18 1799
1717830492086 18 1809
1717830492158 18 1819
1717830492229 18 1829
1717830492301 18 1839
1717830498883 18 1842
1717830505428 19 1849
1717830505503 19 1859
1717830505573 19 1869
1717830505647 19 1879
1717830505716 19 1889
1717830505787 19 1899
1717830505861 19 1909
1717830505924 19 1919
1717830505990 19 1929
1717830506059 19 1939
1717830512575 19 1939
1717830519519 20 1949
1717830519595 20 1959
1717830519668 20 1969
1717830519737 20 1979
1717830519810 20 1989
1717830519879 20 1999
1717830519952 20 2009
1717830520024 20 2019
1717830520093 20 2029
1717830527647 20 2036
1717830534198 21 2039
1717830534270 21 2049
1717830534340 21 2059
1717830534410 21 2069
1717830534474 21 2079
1717830534551 21 2089
1717830534619 21 2099
1717830534688 21 2109
1717830534748 21 2119
1717830534816 21 2129
1717830541525 21 2133
1717830548152 22 2139
1717830548215 22 2149
1717830548281 22 2159
1717830548352 22 2169
1717830548423 22 2179
1717830548494 22 2189
1717830548569 22 2199
1717830548646 22 2209
1717830548713 22 2219
1717830548787 22 2229
1717830556156 22 2230
1717830562729 23 2239
1717830562803 23 2249
1717830562874 23 2259
1717830562940 23 2269
1717830563011 23 2279
1717830563078 23 2289
1717830563151 23 2299
1717830563225 23 2309
1717830563288 23 2319
1717830569841 23 2327
1717830577147 24 2329
1717830577284 24 2339
1717830577356 24 2349
1717830577429 24 2359
1717830577499 24 2369
1717830577573 24 2379
1717830577645 24 2389
1717830577711 24 2399
1717830577784 24 2409
1717830577848 24 2419
1717830584448 24 2424
1717830591004 25 2429
1717830591087 25 2439
1717830591156 25 2449
1717830591225 25 2459
1717830591297 25 2469
1717830591369 25 2479
1717830591463 25 2489
1717830591547 25 2499
1717830591625 25 2509
1717830591704 25 2519
1717830599037 25 2521
1717830605617 26 2529
1717830605687 26 2539
1717830605754 26 2549
1717830605821 26 2559
1717830605885 26 2569
1717830605955 26 2579
1717830606022 26 2589
1717830606096 26 2599
1717830606165 26 2609
1717830612955 26 2618
1717830619662 27 2619
1717830619992 27 2629
1717830620060 27 2639
1717830620136 27 2649
1717830620210 27 2659
1717830620278 27 2669
1717830620343 27 2679
1717830620414 27 2689
1717830620485 27 2699
1717830620556 27 2709
1717830627210 27 2715
1717830633697 28 2719
1717830633769 28 2729
1717830633841 28 2739
1717830633916 28 2749
1717830633983 28 2759
1717830634056 28 2769
1717830634134 28 2779
1717830634204 28 2789
1717830634276 28 2799
1717830634350 28 2809
1717830641535 28 2812
1717830648203 29 2819
1717830648277 29 2829
1717830648348 29 2839
1717830648417 29 2849
1717830648483 29 2859
1717830648551 29 2869
1717830648620 29 2879
1717830648690 29 2889
1717830648760 29 2899
1717830648824 29 2909
1717830655376 29 2909
1717830662767 30 2919
1717830662849 30 2929
1717830662937 30 2939
1717830663016 30 2949
1717830663097 30 2959
1717830663176 30 2969
1717830663259 30 2979
1717830663335 30 2989
1717830663419 30 2999
1717830670074 30 3006
1717830676431 31 3009
1717830676680 31 3019
1717830676752 31 3029
1717830676825 31 3039
1717830676899 31 3049
1717830676975 31 3059
1717830677051 31 3069
1717830677119 31 3079
1717830677195 31 3089
1717830677265 31 3099
1717830684536 31 3103
1717830691061 32 3109
1717830691133 32 3119
1717830691203 32 3129
1717830691279 32 3139
1717830691352 32 3149
1717830691423 32 3159
1717830691499 32 3169
1717830691569 32 3179
1717830691640 32 3189
1717830691709 32 3199
1717830698302 32 3200
1717830704774 33 3209
1717830704857 33 3219
1717830704940 33 3229
1717830705019 33 3239
1717830705103 33 3249
1717830705175 33 3259
1717830705249 33 3269
1717830705321 33 3279
1717830705394 33 3289
1717830712232 33 3297
1717830718595 34 3299
1717830718669 34 3309
1717830718738 34 3319
1717830718812 34 3329
1717830718885 34 3339
1717830718961 34 3349
1717830719028 34 3359
1717830719100 34 3369
1717830719167 34 3379
1717830719233 34 3389
1717830725765 34 3394
1717830732904 35 3399
1717830733010 35 3409
1717830733084 35 3419
1717830733149 35 3429
1717830733224 35 3439
1717830733298 35 3449
1717830733362 35 3459
1717830733434 35 3469
1717830733507 35 3479
1717830733582 35 3489
1717830741227 35 3491
1717830749014 36 3499
1717830749082 36 3509
1717830749157 36 3519
1717830749228 36 3529
1717830749298 36 3539
1717830749371 36 3549
1717830749437 36 3559
1717830749505 36 3569
1717830749575 36 3579
1717830756118 36 3588
1717830764395 37 3589
1717830764883 37 3599
1717830764994 37 3609
1717830765100 37 3619
1717830765203 37 3629
1717830765295 37 3639
1717830765397 37 3649
1717830765503 37 3659
1717830765606 37 3669
1717830765698 37 3679
1717830772251 37 3685
1717830779537 38 3689
1717830779742 38 3699
1717830779847 38 3709
1717830779939 38 3719
1717830780052 38 3729
1717830780156 38 3739
1717830780259 38 3749
1717830780362 38 3759
1717830780461 38 3769
1717830780570 38 3779
1717830788218 38 3782
1717830794714 39 3789
1717830794786 39 3799
1717830794861 39 3809
1717830794930 39 3819
1717830795000 39 3829
1717830795066 39 3839
1717830795135 39 3849
1717830795214 39 3859
1717830795291 39 3869
1717830795365 39 3879
1717830802764 39 3879
1717830810348 40 3889
1717830810418 40 3899
1717830810489 40 3909
1717830810566 40 3919
1717830810641 40 3929
1717830810709 40 3939
1717830810783 40 3949
1717830810857 40 3959
1717830810922 40 3969
1717830817467 40 3976
1717830825257 41 3979
1717830825543 41 3989
1717830825628 41 3999
1717830825712 41 4009
1717830825797 41 4019
1717830825883 41 4029
1717830825968 41 4039
1717830826047 41 4049
1717830826127 41 4059
1717830826200 41 4069
1717830833473 41 4073
1717830841536 42 4079
1717830841604 42 4089
1717830841678 42 4099
1717830841749 42 4109
1717830841817 42 4119
1717830841883 42 4129
1717830841953 42 4139
1717830842024 42 4149
1717830842094 42 4159
1717830842162 42 4169
1717830848616 42 4170
1717830855951 43 4179
1717830856057 43 4189
1717830856163 43 4199
1717830856261 43 4209
1717830856360 43 4219
1717830856464 43 4229
1717830856566 43 4239
1717830856671 43 4249
1717830856780 43 4259
1717830864515 43 4267
1717830870766 44 4269
1717830871010 44 4279
1717830871086 44 4289
1717830871160 44 4299
1717830871233 44 4309
1717830871303 44 4319
1717830871377 44 4329
1717830871445 44 4339
1717830871512 44 4349
1717830871580 44 4359
1717830879255 44 4364
1717830886629 45 4369
1717830886753 45 4379
1717830886825 45 4389
1717830886896 45 4399
1717830886971 45 4409
1717830887044 45 4419
1717830887115 45 4429
1717830887180 45 4439
1717830887256 45 4449
1717830887316 45 4459
1717830893770 45 4461
1717830901613 46 4469
1717830901719 46 4479
1717830901820 46 4489
1717830901918 46 4499
1717830902025 46 4509
1717830902120 46 4519
1717830902225 46 4529
1717830902321 46 4539
1717830902392 46 4549
1717830909201 46 4558
1717830915369 47 4559
1717830915688 47 4569
1717830915765 47 4579
1717830915838 47 4589
1717830915908 47 4599
1717830915981 47 4609
1717830916053 47 4619
1717830916126 47 4629
1717830916198 47 4639
1717830916263 47 4649
1717830925188 47 4655
1717830931540 48 4659
1717830931663 48 4669
1717830931729 48 4679
1717830931801 48 4689
1717830931872 48 4699
1717830931941 48 4709
1717830932010 48 4719
1717830932080 48 4729
1717830932146 48 4739
1717830932209 48 4749
1717830939529 48 4752
1717830947091 49 4759
1717830947158 49 4769
1717830947231 49 4779
1717830947306 49 4789
1717830947373 49 4799
1717830947441 49 4809
1717830947514 49 4819
1717830947584 49 4829
1717830947654 49 4839
1717830947724 49 4849
1717830954139 49 4849
1717830962005 50 4859
1717830962129 50 4869
1717830962242 50 4879
1717830962375 50 4889
1717830962507 50 4899
1717830962632 50 4909
1717830962775 50 4919
1717830962898 50 4929
1717830963013 50 4939
1717830969838 50 4946
1717830976255 51 4949
1717830976467 51 4959
1717830976564 51 4969
1717830976658 51 4979
1717830976758 51 4989
1717830976857 51 4999
1717830976953 51 5009
1717830977062 51 5019
1717830977164 51 5029
1717830977267 51 5039
1717830984913 51 5043
1717830991758 52 5049
1717830991850 52 5059
1717830991943 52 5069
1717830992031 52 5079
1717830992125 52 5089
1717830992216 52 5099
1717830992281 52 5109
1717830992350 52 5119
1717830992421 52 5129
1717830992488 52 5139
1717831001335 52 5140
1717831007785 53 5149
1717831007863 53 5159
1717831007935 53 5169
1717831008006 53 5179
1717831008077 53 5189
1717831008147 53 5199
1717831008220 53 5209
1717831008291 53 5219
1717831008361 53 5229
1717831014745 53 5237
1717831020823 54 5239
1717831021152 54 5249
1717831021228 54 5259
1717831021305 54 5269
1717831021375 54 5279
1717831021451 54 5289
1717831021529 54 5299
1717831021597 54 5309
1717831021672 54 5319
1717831021738 54 5329
1717831030240 54 5334
1717831036554 55 5339
1717831036623 55 5349
1717831036688 55 5359
1717831036761 55 5369
1717831036830 55 5379
1717831036896 55 5389
1717831036973 55 5399
1717831037040 55 5409
1717831037114 55 5419
1717831037201 55 5429
1717831043534 55 5431
1717831050572 56 5439
1717831050709 56 5449
1717831050848 56 5459
1717831050980 56 5469
1717831051093 56 5479
1717831051206 56 5489
1717831051320 56 5499
1717831051431 56 5509
1717831051547 56 5519
1717831059004 56 5528
1717831065444 57 5529
1717831065526 57 5539
1717831065599 57 5549
1717831065674 57 5559
1717831065743 57 5569
1717831065811 57 5579
1717831065878 57 5589
1717831065948 57 5599
1717831066022 57 5609
1717831066086 57 5619
1717831073069 57 5625
1717831080478 58 5629
1717831080553 58 5639
1717831080628 58 5649
1717831080705 58 5659
1717831080770 58 5669
1717831080838 58 5679
1717831080913 58 5689
1717831080982 58 5699
1717831081054 58 5709
1717831081120 58 5719
1717831087661 58 5722
1717831095358 59 5729
1717831095467 59 5739
1717831095570 59 5749
1717831095684 59 5759
1717831095788 59 5769
1717831095897 59 5779
1717831095992 59 5789
1717831096090 59 5799
1717831096186 59 5809
1717831096281 59 5819
1717831103227 59 5819
1717831110044 60 5829
1717831110117 60 5839
1717831110190 60 5849
1717831110263 60 5859
1717831110336 60 5869
1717831110413 60 5879
1717831110484 60 5889
1717831110555 60 5899
1717831110623 60 5909
1717831117471 60 5916
1717831124740 61 5919
1717831124852 61 5929
1717831124926 61 5939
1717831125002 61 5949
1717831125069 61 5959
1717831125143 61 5969
1717831125215 61 5979
1717831125288 61 5989
1717831125359 61 5999
1717831125423 61 6009
1717831132803 61 6013
1717831140689 62 6019
1717831140764 62 6029
1717831140835 62 6039
1717831140905 62 6049
1717831140973 62 6059
1717831141044 62 6069
1717831141109 62 6079
1717831141184 62 6089
1717831141257 62 6099
1717831141320 62 6109
1717831147642 62 6110
1717831154065 63 6119
1717831154134 63 6129
1717831154207 63 6139
1717831154282 63 6149
1717831154351 63 6159
1717831154431 63 6169
1717831154503 63 6179
1717831154572 63 6189
1717831154645 63 6199
1717831161260 63 6207
1717831169381 64 6209
1717831169598 64 6219
1717831169672 64 6229
1717831169737 64 6239
1717831169809 64 6249
1717831169885 64 6259
1717831169960 64 6269
1717831170030 64 6279
1717831170104 64 6289
1717831170176 64 6299
1717831176584 64 6304
1717831182900 65 6309
1717831182980 65 6319
1717831183054 65 6329
1717831183128 65 6339
1717831183197 65 6349
1717831183272 65 6359
1717831183348 65 6369
1717831183422 65 6379
1717831183507 65 6389
1717831183575 65 6399
1717831189952 65 6401
1717831198326 66 6409
1717831198412 66 6419
1717831198503 66 6429
1717831198588 66 6439
1717831198673 66 6449
1717831198759 66 6459
1717831198844 66 6469
1717831198914 66 6479
1717831198986 66 6489
1717831205700 66 6498
1717831214412 67 6499
