1717830239000 0.2227047085762024 9
1717830239078 0.28293392062187195 19
1717830239155 0.2895052433013916 29
1717830239226 0.2823830246925354 39
1717830239302 0.1505548655986786 49
1717830239388 0.2517407536506653 59
1717830239466 0.25088974833488464 69
1717830239540 0.16022035479545593 79
1717830239605 0.29619452357292175 89
1717830252255 0.20177806913852692 99
1717830252332 0.21124939620494843 109
1717830252399 0.11488788574934006 119
1717830252470 0.22943590581417084 129
1717830252539 0.24108164012432098 139
1717830252612 0.2243860363960266 149
1717830252686 0.17506538331508636 159
1717830252761 0.2556544244289398 169
1717830252830 0.2661231458187103 179
1717830252900 0.12042966485023499 189
1717830265701 0.27372539043426514 199
1717830265776 0.12136189639568329 209
1717830265852 0.15836572647094727 219
1717830265926 0.18372491002082825 229
1717830266002 0.28383132815361023 239
1717830266076 0.09010625630617142 249
1717830266144 0.13000273704528809 259
1717830266216 0.15451036393642426 269
1717830266289 0.06094638258218765 279
1717830266356 0.252114862203598 289
1717830279265 0.18828177452087402 299
1717830279339 0.09957391023635864 309
1717830279408 0.20331479609012604 319
1717830279477 0.1491909623146057 329
1717830279541 0.22486606240272522 339
1717830279612 0.09540486335754395 349
1717830279687 0.16552619636058807 359
1717830279762 0.2074522078037262 369
1717830279826 0.2316892445087433 379
1717830292713 0.23911303281784058 389
1717830292780 0.2751960754394531 399
1717830292845 0.1723703145980835 409
1717830292918 0.1282799392938614 419
1717830292994 0.22142253816127777 429
1717830293065 0.20177876949310303 439
1717830293132 0.09456785768270493 449
1717830293207 0.15109238028526306 459
1717830293274 0.1522950977087021 469
1717830293339 0.18215590715408325 479
1717830307032 0.14305056631565094 489
1717830307101 0.08007844537496567 499
1717830307170 0.2579333186149597 509
1717830307236 0.19484585523605347 519
1717830307311 0.10976094007492065 529
1717830307378 0.18080970644950867 539
1717830307445 0.20617832243442535 549
1717830307511 0.19789601862430573 559
1717830307579 0.13223619759082794 569
1717830307643 0.13523662090301514 579
1717830321529 0.08903700113296509 589
1717830321595 0.20604927837848663 599
1717830321666 0.21220560371875763 609
1717830321739 0.21255387365818024 619
1717830321807 0.22232457995414734 629
1717830321876 0.16395986080169678 639
1717830321949 0.15403544902801514 649
1717830322021 0.18248401582241058 659
1717830322085 0.16465474665164948 669
1717830335151 0.11653556674718857 679
1717830335278 0.20681041479110718 689
1717830335353 0.07827968150377274 699
1717830335428 0.18673835694789886 709
1717830335497 0.18310044705867767 719
1717830335566 0.10399001091718674 729
1717830335637 0.11058074980974197 739
1717830335705 0.1257203072309494 749
1717830335779 0.19875364005565643 759
1717830335845 0.26002633571624756 769
1717830348919 0.1271182745695114 779
1717830348997 0.13847164809703827 789
1717830349065 0.11427877843379974 799
1717830349136 0.2693513333797455 809
1717830349204 0.2568871080875397 819
1717830349273 0.08907918632030487 829
1717830349340 0.18379442393779755 839
1717830349409 0.2220369428396225 849
1717830349479 0.19954119622707367 859
1717830349552 0.16456006467342377 869
1717830363093 0.2325170338153839 879
1717830363191 0.1823960393667221 889
1717830363295 0.18200697004795074 899
1717830363388 0.08696122467517853 909
1717830363478 0.15856391191482544 919
1717830363569 0.1045343354344368 929
1717830363650 0.16330724954605103 939
1717830363733 0.120611272752285 949
1717830363808 0.3453175127506256 959
1717830363885 0.06091461703181267 969
1717830377088 0.1768418699502945 979
1717830377161 0.18062204122543335 989
1717830377231 0.16502074897289276 999
1717830377306 0.21716555953025818 1009
1717830377377 0.08216049522161484 1019
1717830377449 0.07753521203994751 1029
1717830377518 0.28470662236213684 1039
1717830377586 0.18583063781261444 1049
1717830377658 0.11290725320577621 1059
1717830391610 0.11130262911319733 1069
1717830391801 0.22705647349357605 1079
1717830391870 0.0959162712097168 1089
1717830391937 0.11810983717441559 1099
1717830392014 0.15111617743968964 1109
1717830392083 0.1185961365699768 1119
1717830392155 0.13624753057956696 1129
1717830392227 0.07508053630590439 1139
1717830392298 0.11547382175922394 1149
1717830392363 0.21484778821468353 1159
1717830405809 0.1719091832637787 1169
1717830405921 0.16261820495128632 1179
1717830406022 0.12360849231481552 1189
1717830406129 0.2405189871788025 1199
1717830406235 0.18645796179771423 1209
1717830406323 0.2533698081970215 1219
1717830406419 0.08865319192409515 1229
1717830406506 0.19116216897964478 1239
1717830406599 0.1960192620754242 1249
1717830406689 0.1676267385482788 1259
1717830419984 0.12925109267234802 1269
1717830420063 0.05346532538533211 1279
1717830420135 0.20429864525794983 1289
1717830420211 0.22690777480602264 1299
1717830420275 0.06407950073480606 1309
1717830420353 0.15449298918247223 1319
1717830420423 0.20338155329227448 1329
1717830420492 0.20758157968521118 1339
1717830420564 0.07477875798940659 1349
1717830434345 0.16160249710083008 1359
1717830434540 0.22062399983406067 1369
1717830434613 0.2587722837924957 1379
1717830434684 0.16386573016643524 1389
1717830434757 0.18300573527812958 1399
1717830434834 0.21448950469493866 1409
1717830434902 0.10652106255292892 1419
1717830434976 0.11344385892152786 1429
1717830435047 0.24962204694747925 1439
1717830435121 0.10403289645910263 1449
1717830448117 0.15659546852111816 1459
1717830448234 0.1803867369890213 1469
1717830448305 0.11211644113063812 1479
1717830448378 0.14557908475399017 1489
1717830448452 0.22306658327579498 1499
1717830448519 0.08592654764652252 1509
1717830448599 0.1268720030784607 1519
1717830448678 0.14330711960792542 1529
1717830448753 0.1033448725938797 1539
1717830448818 0.04949027672410011 1549
1717830462980 0.09954999387264252 1559
1717830463059 0.10376255214214325 1569
1717830463135 0.43245649337768555 1579
1717830463212 0.11024689674377441 1589
1717830463290 0.025011863559484482 1599
1717830463375 0.2912663221359253 1609
1717830463464 0.2800014615058899 1619
1717830463569 0.3825396001338959 1629
1717830463665 0.06556165963411331 1639
1717830476686 0.07731346786022186 1649
1717830477041 0.16284339129924774 1659
1717830477117 0.14323575794696808 1669
1717830477186 0.1538122445344925 1679
1717830477258 0.07421742379665375 1689
1717830477332 0.14675641059875488 1699
1717830477409 0.09510790556669235 1709
1717830477483 0.2322741150856018 1719
1717830477557 0.22255682945251465 1729
1717830477628 0.17333266139030457 1739
1717830491654 0.352071613073349 1749
1717830491727 0.20803271234035492 1759
1717830491800 0.06331352889537811 1769
1717830491873 0.13007000088691711 1779
1717830491941 0.19927117228507996 1789
1717830492015 0.116356760263443 1799
1717830492086 0.11706839501857758 1809
1717830492158 0.3180454969406128 1819
1717830492229 0.05820617079734802 1829
1717830492301 0.11882141977548599 1839
1717830505428 0.09512646496295929 1849
1717830505503 0.24327529966831207 1859
1717830505573 0.034657593816518784 1869
1717830505647 0.12225201725959778 1879
1717830505716 0.11117440462112427 1889
1717830505787 0.12302817404270172 1899
1717830505861 0.11503453552722931 1909
1717830505924 0.24693822860717773 1919
1717830505990 0.2030903846025467 1929
1717830506059 0.1361294984817505 1939
1717830519519 0.1436062753200531 1949
1717830519595 0.13275864720344543 1959
1717830519668 0.125732883810997 1969
1717830519737 0.18656903505325317 1979
1717830519810 0.17642493546009064 1989
1717830519879 0.1220826804637909 1999
1717830519952 0.1334209144115448 2009
1717830520024 0.2129632532596588 2019
1717830520093 0.12630951404571533 2029
1717830534198 0.2045443207025528 2039
1717830534270 0.10120968520641327 2049
1717830534340 0.2185046523809433 2059
1717830534410 0.1567252278327942 2069
1717830534474 0.04721727967262268 2079
1717830534551 0.24348227679729462 2089
1717830534619 0.16478079557418823 2099
1717830534688 0.11267130076885223 2109
1717830534748 0.2684711813926697 2119
1717830534816 0.1991402506828308 2129
1717830548152 0.23761966824531555 2139
1717830548215 0.09140540659427643 2149
1717830548281 0.3755623400211334 2159
1717830548352 0.19832535088062286 2169
1717830548423 0.2169726938009262 2179
1717830548494 0.10576742142438889 2189
1717830548569 0.16057156026363373 2199
1717830548646 0.11683511734008789 2209
1717830548713 0.1344023048877716 2219
1717830548787 0.3276914656162262 2229
1717830562729 0.14671488106250763 2239
1717830562803 0.13721734285354614 2249
1717830562874 0.12125954031944275 2259
1717830562940 0.12458009272813797 2269
1717830563011 0.23543748259544373 2279
1717830563078 0.05595211312174797 2289
1717830563151 0.13939885795116425 2299
1717830563225 0.14016038179397583 2309
1717830563288 0.10207879543304443 2319
1717830577147 0.09734725207090378 2329
1717830577284 0.19913648068904877 2339
1717830577356 0.08399126678705215 2349
1717830577429 0.23110979795455933 2359
1717830577499 0.12806452810764313 2369
1717830577573 0.10030954331159592 2379
1717830577645 0.18159666657447815 2389
1717830577711 0.13298827409744263 2399
1717830577784 0.13244803249835968 2409
1717830577848 0.10312993824481964 2419
1717830591004 0.10188621282577515 2429
1717830591087 0.20477896928787231 2439
1717830591156 0.2492261528968811 2449
1717830591225 0.12376878410577774 2459
1717830591297 0.09941001981496811 2469
1717830591369 0.17617370188236237 2479
1717830591463 0.10729914158582687 2489
1717830591547 0.3352445662021637 2499
1717830591625 0.16304895281791687 2509
1717830591704 0.15880869328975677 2519
1717830605617 0.07130420207977295 2529
1717830605687 0.2678642272949219 2539
1717830605754 0.1116340160369873 2549
1717830605821 0.11306511610746384 2559
1717830605885 0.2720264792442322 2569
1717830605955 0.10755591839551926 2579
1717830606022 0.3610328435897827 2589
1717830606096 0.18093886971473694 2599
1717830606165 0.2138812392950058 2609
1717830619662 0.11980047821998596 2619
1717830619992 0.12044835835695267 2629
1717830620060 0.2187572866678238 2639
1717830620136 0.14134496450424194 2649
1717830620210 0.16182835400104523 2659
1717830620278 0.07747916877269745 2669
1717830620343 0.1449580043554306 2679
1717830620414 0.13030779361724854 2689
1717830620485 0.10474765300750732 2699
1717830620556 0.10074208676815033 2709
1717830633697 0.1468716412782669 2719
1717830633769 0.10260456055402756 2729
1717830633841 0.16216441988945007 2739
1717830633916 0.413557767868042 2749
1717830633983 0.1795204132795334 2759
1717830634056 0.17801877856254578 2769
1717830634134 0.06886986643075943 2779
1717830634204 0.1456422358751297 2789
1717830634276 0.07488559186458588 2799
1717830634350 0.06345543265342712 2809
1717830648203 0.13592717051506042 2819
1717830648277 0.21980856359004974 2829
1717830648348 0.25611764192581177 2839
1717830648417 0.3697659373283386 2849
1717830648483 0.22585777938365936 2859
1717830648551 0.13251620531082153 2869
1717830648620 0.11247279495000839 2879
1717830648690 0.1017768383026123 2889
1717830648760 0.06327950209379196 2899
1717830648824 0.1831628382205963 2909
1717830662767 0.1680164486169815 2919
1717830662849 0.20998208224773407 2929
1717830662937 0.3344721794128418 2939
1717830663016 0.11926580965518951 2949
1717830663097 0.10320688039064407 2959
1717830663176 0.10447447001934052 2969
1717830663259 0.15643444657325745 2979
1717830663335 0.1516118198633194 2989
1717830663419 0.17638877034187317 2999
1717830676431 0.14428415894508362 3009
1717830676680 0.1837233603000641 3019
1717830676752 0.3763703405857086 3029
1717830676825 0.12587253749370575 3039
1717830676899 0.19360420107841492 3049
1717830676975 0.14168071746826172 3059
1717830677051 0.10638129711151123 3069
1717830677119 0.09318503737449646 3079
1717830677195 0.13191552460193634 3089
1717830677265 0.12573131918907166 3099
1717830691061 0.18081796169281006 3109
1717830691133 0.22844816744327545 3119
1717830691203 0.1412782520055771 3129
1717830691279 0.14455008506774902 3139
1717830691352 0.08690940588712692 3149
1717830691423 0.20257312059402466 3159
1717830691499 0.23034830391407013 3169
1717830691569 0.16344667971134186 3179
1717830691640 0.07405557483434677 3189
1717830691709 0.19179624319076538 3199
1717830704774 0.20682364702224731 3209
1717830704857 0.15509772300720215 3219
1717830704940 0.16289882361888885 3229
1717830705019 0.08042798936367035 3239
1717830705103 0.18267332017421722 3249
1717830705175 0.1951838880777359 3259
1717830705249 0.117217518389225 3269
1717830705321 0.10887341946363449 3279
1717830705394 0.0948772206902504 3289
1717830718595 0.15249019861221313 3299
1717830718669 0.15479843318462372 3309
1717830718738 0.15474539995193481 3319
1717830718812 0.20152659714221954 3329
1717830718885 0.14045290648937225 3339
1717830718961 0.13727885484695435 3349
1717830719028 0.1364942044019699 3359
1717830719100 0.2101300209760666 3369
1717830719167 0.2469286173582077 3379
1717830719233 0.17058998346328735 3389
1717830732904 0.06915462017059326 3399
1717830733010 0.5203742384910583 3409
1717830733084 0.07947541773319244 3419
1717830733149 0.17308419942855835 3429
1717830733224 0.14782030880451202 3439
1717830733298 0.2589127719402313 3449
1717830733362 0.22539986670017242 3459
1717830733434 0.3194766044616699 3469
1717830733507 0.18160372972488403 3479
1717830733582 0.2077563852071762 3489
1717830749014 0.1258029192686081 3499
1717830749082 0.20382148027420044 3509
1717830749157 0.14121778309345245 3519
1717830749228 0.09715358912944794 3529
1717830749298 0.029789358377456665 3539
1717830749371 0.17994409799575806 3549
1717830749437 0.19124184548854828 3559
1717830749505 0.14357474446296692 3569
1717830749575 0.30961284041404724 3579
1717830764395 0.130903959274292 3589
1717830764883 0.1759330779314041 3599
1717830764994 0.15219125151634216 3609
1717830765100 0.13009367883205414 3619
1717830765203 0.2713598608970642 3629
1717830765295 0.0797848030924797 3639
1717830765397 0.15755726397037506 3649
1717830765503 0.176458939909935 3659
1717830765606 0.19522251188755035 3669
1717830765698 0.1104719489812851 3679
1717830779537 0.27831587195396423 3689
1717830779742 0.16957420110702515 3699
1717830779847 0.18402059376239777 3709
1717830779939 0.10456816852092743 3719
1717830780052 0.25013208389282227 3729
1717830780156 0.115810826420784 3739
1717830780259 0.12198177725076675 3749
1717830780362 0.11771030724048615 3759
1717830780461 0.2842104732990265 3769
1717830780570 0.3391881287097931 3779
1717830794714 0.12951165437698364 3789
1717830794786 0.15527354180812836 3799
1717830794861 0.19325555860996246 3809
1717830794930 0.12744981050491333 3819
1717830795000 0.09642393887042999 3829
1717830795066 0.10995624959468842 3839
1717830795135 0.07489152997732162 3849
1717830795214 0.1780303418636322 3859
1717830795291 0.2273920774459839 3869
1717830795365 0.2301965355873108 3879
1717830810348 0.14621777832508087 3889
1717830810418 0.10676448047161102 3899
1717830810489 0.1431576907634735 3909
1717830810566 0.12274075299501419 3919
1717830810641 0.19449135661125183 3929
1717830810709 0.23114292323589325 3939
1717830810783 0.32102543115615845 3949
1717830810857 0.13445401191711426 3959
1717830810922 0.11856232583522797 3969
1717830825257 0.10291151702404022 3979
1717830825543 0.08337955176830292 3989
1717830825628 0.1369262933731079 3999
1717830825712 0.32842281460762024 4009
1717830825797 0.11257628351449966 4019
1717830825883 0.1269732415676117 4029
1717830825968 0.1196727305650711 4039
1717830826047 0.17193834483623505 4049
1717830826127 0.1341000646352768 4059
1717830826200 0.2271474450826645 4069
1717830841536 0.12423238903284073 4079
1717830841604 0.10870809108018875 4089
1717830841678 0.1640871912240982 4099
1717830841749 0.30335375666618347 4109
1717830841817 0.09594940394163132 4119
1717830841883 0.03625955432653427 4129
1717830841953 0.13746407628059387 4139
1717830842024 0.2585200071334839 4149
1717830842094 0.05305369570851326 4159
1717830842162 0.13401518762111664 4169
1717830855951 0.17568309605121613 4179
1717830856057 0.10199339687824249 4189
1717830856163 0.1882839947938919 4199
1717830856261 0.10664256662130356 4209
1717830856360 0.25323349237442017 4219
1717830856464 0.1167440414428711 4229
1717830856566 0.14858326315879822 4239
1717830856671 0.08473396301269531 4249
1717830856780 0.166160449385643 4259
1717830870766 0.1411120593547821 4269
1717830871010 0.1693759560585022 4279
1717830871086 0.1319197118282318 4289
1717830871160 0.09777574986219406 4299
1717830871233 0.19972994923591614 4309
1717830871303 0.0738351047039032 4319
1717830871377 0.1901436746120453 4329
1717830871445 0.06782391667366028 4339
1717830871512 0.24624739587306976 4349
1717830871580 0.03482199087738991 4359
1717830886629 0.04530666023492813 4369
1717830886753 0.1232195571064949 4379
1717830886825 0.23500901460647583 4389
1717830886896 0.11580461263656616 4399
1717830886971 0.15339721739292145 4409
1717830887044 0.1100236177444458 4419
1717830887115 0.21477794647216797 4429
1717830887180 0.11407650262117386 4439
1717830887256 0.23265914618968964 4449
1717830887316 0.10844846069812775 4459
1717830901613 0.3126324415206909 4469
1717830901719 0.19394057989120483 4479
1717830901820 0.12132307887077332 4489
1717830901918 0.19005469977855682 4499
1717830902025 0.06508395075798035 4509
1717830902120 0.08340197801589966 4519
1717830902225 0.1003190279006958 4529
1717830902321 0.05627172067761421 4539
1717830902392 0.1715770810842514 4549
1717830915369 0.0607876218855381 4559
1717830915688 0.03843849524855614 4569
1717830915765 0.11099930107593536 4579
1717830915838 0.1045001819729805 4589
1717830915908 0.160552516579628 4599
1717830915981 0.0966651663184166 4609
1717830916053 0.1792905479669571 4619
1717830916126 0.034279678016901016 4629
1717830916198 0.1705801635980606 4639
1717830916263 0.08957590907812119 4649
1717830931540 0.17689351737499237 4659
1717830931663 0.09750127047300339 4669
1717830931729 0.08278423547744751 4679
1717830931801 0.17732283473014832 4689
1717830931872 0.20876054465770721 4699
1717830931941 0.07637438178062439 4709
1717830932010 0.40959078073501587 4719
1717830932080 0.12380772829055786 4729
1717830932146 0.07002992182970047 4739
1717830932209 0.05147305130958557 4749
1717830947091 0.13256321847438812 4759
1717830947158 0.1601507067680359 4769
1717830947231 0.1260617971420288 4779
1717830947306 0.1346610188484192 4789
1717830947373 0.17625580728054047 4799
1717830947441 0.3934083878993988 4809
1717830947514 0.12893077731132507 4819
1717830947584 0.1503344029188156 4829
1717830947654 0.20218081772327423 4839
1717830947724 0.07901212573051453 4849
1717830962005 0.14183372259140015 4859
1717830962129 0.10183901339769363 4869
1717830962242 0.12340813875198364 4879
1717830962375 0.15663400292396545 4889
1717830962507 0.06285086274147034 4899
1717830962632 0.16153742372989655 4909
1717830962775 0.12343177944421768 4919
1717830962898 0.20695526897907257 4929
1717830963013 0.0908871591091156 4939
1717830976255 0.10279162973165512 4949
1717830976467 0.0887952670454979 4959
1717830976564 0.1583722084760666 4969
1717830976658 0.11711324751377106 4979
1717830976758 0.18651451170444489 4989
1717830976857 0.12965889275074005 4999
1717830976953 0.3968883454799652 5009
1717830977062 0.15141235291957855 5019
1717830977164 0.121511310338974 5029
1717830977267 0.13089480996131897 5039
1717830991758 0.0703524723649025 5049
1717830991850 0.15991775691509247 5059
1717830991943 0.13725808262825012 5069
1717830992031 0.1547427624464035 5079
1717830992125 0.06325056403875351 5089
1717830992216 0.10830628126859665 5099
1717830992281 0.08718974888324738 5109
1717830992350 0.13932658731937408 5119
1717830992421 0.17213737964630127 5129
1717830992488 0.09063692390918732 5139
1717831007785 0.24861060082912445 5149
1717831007863 0.2000897228717804 5159
1717831007935 0.1265188604593277 5169
1717831008006 0.17385807633399963 5179
1717831008077 0.14590521156787872 5189
1717831008147 0.19570784270763397 5199
1717831008220 0.10287034511566162 5209
1717831008291 0.1769029051065445 5219
1717831008361 0.09728779643774033 5229
1717831020823 0.1252554953098297 5239
1717831021152 0.09399807453155518 5249
1717831021228 0.15196242928504944 5259
1717831021305 0.24605683982372284 5269
1717831021375 0.37895330786705017 5279
1717831021451 0.2282804250717163 5289
1717831021529 0.06143901124596596 5299
1717831021597 0.09911513328552246 5309
1717831021672 0.17264756560325623 5319
1717831021738 0.26380226016044617 5329
1717831036554 0.3553478419780731 5339
1717831036623 0.1617821902036667 5349
1717831036688 0.16129282116889954 5359
1717831036761 0.1622074991464615 5369
1717831036830 0.15210814774036407 5379
1717831036896 0.25297653675079346 5389
1717831036973 0.10039772838354111 5399
1717831037040 0.09269498288631439 5409
1717831037114 0.13431967794895172 5419
1717831037201 0.10577388852834702 5429
1717831050572 0.11538384854793549 5439
1717831050709 0.17679686844348907 5449
1717831050848 0.12854143977165222 5459
1717831050980 0.2849055528640747 5469
1717831051093 0.11959893256425858 5479
1717831051206 0.05980211868882179 5489
1717831051320 0.1128435730934143 5499
1717831051431 0.1818827986717224 5509
1717831051547 0.07378987222909927 5519
1717831065444 0.07226525247097015 5529
1717831065526 0.04680539667606354 5539
1717831065599 0.14201819896697998 5549
1717831065674 0.09148287028074265 5559
1717831065743 0.2870447635650635 5569
1717831065811 0.07392072677612305 5579
1717831065878 0.10109025985002518 5589
1717831065948 0.11777909845113754 5599
1717831066022 0.11142994463443756 5609
1717831066086 0.1015722006559372 5619
1717831080478 0.06319531053304672 5629
1717831080553 0.09609541296958923 5639
1717831080628 0.09876134991645813 5649
1717831080705 0.14320935308933258 5659
1717831080770 0.041210442781448364 5669
1717831080838 0.22705815732479095 5679
1717831080913 0.09162390232086182 5689
1717831080982 0.16993597149848938 5699
1717831081054 0.10886460542678833 5709
1717831081120 0.17966961860656738 5719
1717831095358 0.09411268681287766 5729
1717831095467 0.1977303922176361 5739
1717831095570 0.30413779616355896 5749
1717831095684 0.24997243285179138 5759
1717831095788 0.25898051261901855 5769
1717831095897 0.12849542498588562 5779
1717831095992 0.21275651454925537 5789
1717831096090 0.14004084467887878 5799
1717831096186 0.0768628641963005 5809
1717831096281 0.15286262333393097 5819
1717831110044 0.1965414136648178 5829
1717831110117 0.0428788997232914 5839
1717831110190 0.12903675436973572 5849
1717831110263 0.12936246395111084 5859
1717831110336 0.08132319152355194 5869
1717831110413 0.16290727257728577 5879
1717831110484 0.11646997928619385 5889
1717831110555 0.07227253168821335 5899
1717831110623 0.26998376846313477 5909
1717831124740 0.2794298529624939 5919
1717831124852 0.12392828613519669 5929
1717831124926 0.1124832034111023 5939
1717831125002 0.15712669491767883 5949
1717831125069 0.2477216273546219 5959
1717831125143 0.3031723201274872 5969
1717831125215 0.11048917472362518 5979
1717831125288 0.10879701375961304 5989
1717831125359 0.22184424102306366 5999
1717831125423 0.11445800215005875 6009
1717831140689 0.2939954400062561 6019
1717831140764 0.04972202703356743 6029
1717831140835 0.15793126821517944 6039
1717831140905 0.07783173024654388 6049
1717831140973 0.1847902238368988 6059
1717831141044 0.0708329975605011 6069
1717831141109 0.13628879189491272 6079
1717831141184 0.12474486976861954 6089
1717831141257 0.21582327783107758 6099
1717831141320 0.10785134136676788 6109
1717831154065 0.31827104091644287 6119
1717831154134 0.07977601140737534 6129
1717831154207 0.2123558223247528 6139
1717831154282 0.12648941576480865 6149
1717831154351 0.1154894158244133 6159
1717831154431 0.06146964803338051 6169
1717831154503 0.10119348764419556 6179
1717831154572 0.21106193959712982 6189
1717831154645 0.13040734827518463 6199
1717831169381 0.13105233013629913 6209
1717831169598 0.04885256290435791 6219
1717831169672 0.25589191913604736 6229
1717831169737 0.1591917723417282 6239
1717831169809 0.04559904709458351 6249
1717831169885 0.08674587309360504 6259
1717831169960 0.08308154344558716 6269
1717831170030 0.18857602775096893 6279
1717831170104 0.10420164465904236 6289
1717831170176 0.1080118864774704 6299
1717831182900 0.12966874241828918 6309
1717831182980 0.11768784373998642 6319
1717831183054 0.22242923080921173 6329
1717831183128 0.17411647737026215 6339
1717831183197 0.1508496105670929 6349
1717831183272 0.26471441984176636 6359
1717831183348 0.1326746791601181 6369
1717831183422 0.065090112388134 6379
1717831183507 0.13312800228595734 6389
1717831183575 0.23353096842765808 6399
1717831198326 0.18181873857975006 6409
1717831198412 0.11847174912691116 6419
1717831198503 0.2475655972957611 6429
1717831198588 0.23643183708190918 6439
1717831198673 0.09287099540233612 6449
1717831198759 0.15332527458667755 6459
1717831198844 0.06348613649606705 6469
1717831198914 0.060418058186769485 6479
1717831198986 0.08251132071018219 6489
