1717781013954 0 9
1717781014009 0 19
1717781019921 0 23
1717781026358 1 29
1717781026412 1 39
1717781032461 1 47
1717781038633 2 49
1717781038937 2 59
1717781038988 2 69
1717781044943 2 71
1717781051404 3 79
1717781051455 3 89
1717781057471 3 95
1717781063939 4 99
1717781063992 4 109
1717781064039 4 119
1717781069968 4 119
1717781076438 5 129
1717781076488 5 139
1717781082484 5 143
1717781088879 6 149
1717781088930 6 159
1717781095020 6 167
1717781101217 7 169
1717781101451 7 179
1717781101502 7 189
1717781107499 7 191
1717781114001 8 199
1717781114054 8 209
1717781120013 8 215
1717781126432 9 219
1717781126490 9 229
1717781126543 9 239
1717781132514 9 239
1717781138994 10 249
1717781139047 10 259
1717781145123 10 263
1717781151806 11 269
1717781151861 11 279
1717781158103 11 287
1717781164620 12 289
1717781164752 12 299
1717781164804 12 309
1717781170941 12 311
1717781177728 13 319
1717781177780 13 329
1717781184108 13 335
1717781190567 14 339
1717781190673 14 349
1717781190725 14 359
1717781196978 14 359
1717781204336 15 369
1717781204394 15 379
1717781210614 15 383
1717781217188 16 389
1717781217241 16 399
1717781223295 16 407
1717781229779 17 409
1717781229996 17 419
1717781230047 17 429
1717781236176 17 431
1717781242881 18 439
1717781242941 18 449
1717781249840 18 455
1717781256391 19 459
1717781256538 19 469
1717781256592 19 479
1717781262734 19 479
1717781269336 20 489
1717781269390 20 499
1717781275648 20 503
1717781282252 21 509
1717781282304 21 519
1717781288716 21 527
1717781295744 22 529
1717781295939 22 539
1717781295993 22 549
1717781302255 22 551
1717781309136 23 559
1717781309183 23 569
1717781315335 23 575
1717781321981 24 579
1717781322068 24 589
1717781322122 24 599
1717781328138 24 599
1717781335146 25 609
1717781335202 25 619
1717781341351 25 623
1717781348596 26 629
1717781348650 26 639
1717781354902 26 647
1717781361352 27 649
1717781361485 27 659
1717781361536 27 669
1717781367651 27 671
1717781374355 28 679
1717781374408 28 689
1717781380493 28 695
1717781387536 29 699
1717781387736 29 709
1717781387800 29 719
1717781393977 29 719
1717781400560 30 729
1717781400614 30 739
1717781406638 30 743
1717781413275 31 749
1717781413332 31 759
1717781419582 31 767
1717781425879 32 769
1717781426201 32 779
1717781426251 32 789
1717781433123 32 791
1717781439674 33 799
1717781439726 33 809
1717781445808 33 815
1717781452323 34 819
1717781452389 34 829
1717781452442 34 839
1717781458550 34 839
1717781465205 35 849
1717781465262 35 859
1717781471769 35 863
1717781478577 36 869
1717781478633 36 879
1717781484749 36 887
1717781491008 37 889
1717781491284 37 899
1717781491333 37 909
1717781497470 37 911
1717781504122 38 919
1717781504169 38 929
1717781510304 38 935
1717781517681 39 939
1717781517754 39 949
1717781517809 39 959
1717781524073 39 959
1717781530691 40 969
1717781530740 40 979
1717781536979 40 983
1717781543635 41 989
1717781543687 41 999
1717781549825 41 1007
1717781556185 42 1009
1717781556408 42 1019
1717781556456 42 1029
1717781562607 42 1031
1717781569929 43 1039
1717781569978 43 1049
1717781576056 43 1055
1717781582622 44 1059
1717781582691 44 1069
1717781582743 44 1079
1717781588932 44 1079
1717781595566 45 1089
1717781595618 45 1099
1717781601675 45 1103
1717781609078 46 1109
1717781609129 46 1119
1717781615256 46 1127
1717781621616 47 1129
1717781621839 47 1139
1717781621893 47 1149
1717781628203 47 1151
1717781634798 48 1159
1717781634850 48 1169
1717781641187 48 1175
1717781647664 49 1179
1717781647814 49 1189
1717781647867 49 1199
1717781654917 49 1199
1717781661476 50 1209
1717781661531 50 1219
1717781667614 50 1223
1717781674074 51 1229
1717781674146 51 1239
1717781680299 51 1247
1717781686753 52 1249
1717781686976 52 1259
1717781687028 52 1269
1717781693188 52 1271
1717781699810 53 1279
1717781699862 53 1289
1717781706000 53 1295
1717781712550 54 1299
1717781712607 54 1309
1717781712659 54 1319
1717781718669 54 1319
1717781725231 55 1329
1717781725285 55 1339
1717781731378 55 1343
1717781737982 56 1349
1717781738031 56 1359
1717781745071 56 1367
1717781754052 57 1368
