1717781013954 0.3510156273841858 9
1717781014009 0.21493873000144958 19
1717781026358 0.2798490524291992 29
1717781026412 0.24983537197113037 39
1717781038633 0.2921387255191803 49
1717781038937 0.2044352889060974 59
1717781038988 0.13549765944480896 69
1717781051404 0.21693070232868195 79
1717781051455 0.1473630666732788 89
1717781063939 0.14048193395137787 99
1717781063992 0.2764549255371094 109
1717781064039 0.23739506304264069 119
1717781076438 0.20349514484405518 129
1717781076488 0.19591036438941956 139
1717781088879 0.2527354657649994 149
1717781088930 0.19458048045635223 159
1717781101217 0.1598554402589798 169
1717781101451 0.11689015477895737 179
1717781101502 0.18247120082378387 189
1717781114001 0.11578501015901566 199
1717781114054 0.16996243596076965 209
1717781126432 0.12819260358810425 219
1717781126490 0.11393732577562332 229
1717781126543 0.1854819506406784 239
1717781138994 0.19791439175605774 249
1717781139047 0.11721160262823105 259
1717781151806 0.20646418631076813 269
1717781151861 0.09733301401138306 279
1717781164620 0.12597541511058807 289
1717781164752 0.17406409978866577 299
1717781164804 0.2562948167324066 309
1717781177728 0.11071281135082245 319
1717781177780 0.15994064509868622 329
1717781190567 0.1383500099182129 339
1717781190673 0.16302204132080078 349
1717781190725 0.13586710393428802 359
1717781204336 0.09244541078805923 369
1717781204394 0.12293346226215363 379
1717781217188 0.08479838818311691 389
1717781217241 0.15203413367271423 399
1717781229779 0.11528854072093964 409
1717781229996 0.22193293273448944 419
1717781230047 0.1308629959821701 429
1717781242881 0.16086837649345398 439
1717781242941 0.23139098286628723 449
1717781256391 0.15395988523960114 459
1717781256538 0.06752432882785797 469
1717781256592 0.10740049928426743 479
1717781269336 0.13052500784397125 489
1717781269390 0.10631158947944641 499
1717781282252 0.20472511649131775 509
1717781282304 0.10622508078813553 519
1717781295744 0.17930996417999268 529
1717781295939 0.13315510749816895 539
1717781295993 0.12423668801784515 549
1717781309136 0.1079735979437828 559
1717781309183 0.14787976443767548 569
1717781321981 0.11331482231616974 579
1717781322068 0.15506884455680847 589
1717781322122 0.11739804595708847 599
1717781335146 0.14754562079906464 609
1717781335202 0.16536466777324677 619
1717781348596 0.11415821313858032 629
1717781348650 0.12283187359571457 639
1717781361352 0.11137261241674423 649
1717781361485 0.11416035890579224 659
1717781361536 0.183115616440773 669
1717781374355 0.13047711551189423 679
1717781374408 0.06735723465681076 689
1717781387536 0.10894883424043655 699
1717781387736 0.11207021772861481 709
1717781387800 0.11610322445631027 719
1717781400560 0.11917347460985184 729
1717781400614 0.10689565539360046 739
1717781413275 0.20932817459106445 749
1717781413332 0.1964964121580124 759
1717781425879 0.1663733422756195 769
1717781426201 0.11151901632547379 779
1717781426251 0.13851428031921387 789
1717781439674 0.11630574613809586 799
1717781439726 0.19919990003108978 809
1717781452323 0.09501723945140839 819
1717781452389 0.10978631675243378 829
1717781452442 0.11721393465995789 839
1717781465205 0.10349269211292267 849
1717781465262 0.1404915750026703 859
1717781478577 0.13493746519088745 869
1717781478633 0.15304142236709595 879
1717781491008 0.15375851094722748 889
1717781491284 0.12347882241010666 899
1717781491333 0.09038029611110687 909
1717781504122 0.12458311766386032 919
1717781504169 0.11129831522703171 929
1717781517681 0.16656562685966492 939
1717781517754 0.14732393622398376 949
1717781517809 0.06399589031934738 959
1717781530691 0.09757424145936966 969
1717781530740 0.12283074855804443 979
1717781543635 0.16220329701900482 989
1717781543687 0.0867178738117218 999
1717781556185 0.1335778832435608 1009
1717781556408 0.09207739681005478 1019
1717781556456 0.13929660618305206 1029
1717781569929 0.17634080350399017 1039
1717781569978 0.09673242270946503 1049
1717781582622 0.131450816988945 1059
1717781582691 0.08580421656370163 1069
1717781582743 0.11079398542642593 1079
1717781595566 0.1599595546722412 1089
1717781595618 0.07877524197101593 1099
1717781609078 0.11268381774425507 1109
1717781609129 0.0880458801984787 1119
1717781621616 0.1374501734972 1129
1717781621839 0.12960185110569 1139
1717781621893 0.09415114670991898 1149
1717781634798 0.11909230053424835 1159
1717781634850 0.21463505923748016 1169
1717781647664 0.15562395751476288 1179
1717781647814 0.08846995234489441 1189
1717781647867 0.13747261464595795 1199
1717781661476 0.06226329505443573 1209
1717781661531 0.10711658746004105 1219
1717781674074 0.12136373668909073 1229
1717781674146 0.1118282899260521 1239
1717781686753 0.0995466560125351 1249
1717781686976 0.22936591506004333 1259
1717781687028 0.14387930929660797 1269
1717781699810 0.09163220971822739 1279
1717781699862 0.1051059365272522 1289
1717781712550 0.12768344581127167 1299
1717781712607 0.15377096831798553 1309
1717781712659 0.11668922007083893 1319
1717781725231 0.09282352775335312 1329
1717781725285 0.059186339378356934 1339
1717781737982 0.1281476467847824 1349
1717781738031 0.16742342710494995 1359
