1717815411456 0 9
1717815411530 0 19
1717815411599 0 29
1717815411673 0 39
1717815411738 0 49
1717815411808 0 59
1717815411883 0 69
1717815411951 0 79
1717815412016 0 89
1717815418847 0 95
1717815425118 1 99
1717815425284 1 109
1717815425356 1 119
1717815425428 1 129
1717815425502 1 139
1717815425575 1 149
1717815425649 1 159
1717815425715 1 169
1717815425785 1 179
1717815425853 1 189
1717815432340 1 191
1717815438757 2 199
1717815438824 2 209
1717815438891 2 219
1717815438960 2 229
1717815439031 2 239
1717815439101 2 249
1717815439170 2 259
1717815439235 2 269
1717815439304 2 279
1717815445798 2 287
1717815452041 3 289
1717815452308 3 299
1717815452380 3 309
1717815452445 3 319
1717815452516 3 329
1717815452588 3 339
1717815452655 3 349
1717815452721 3 359
1717815452795 3 369
1717815452869 3 379
1717815459501 3 383
1717815466313 4 389
1717815466391 4 399
1717815466458 4 409
1717815466525 4 419
1717815466590 4 429
1717815466661 4 439
1717815466732 4 449
1717815466800 4 459
1717815466870 4 469
1717815466939 4 479
1717815473432 4 479
1717815479877 5 489
1717815479947 5 499
1717815480019 5 509
1717815480093 5 519
1717815480166 5 529
1717815480243 5 539
1717815480317 5 549
1717815480384 5 559
1717815480456 5 569
1717815486946 5 575
1717815493312 6 579
1717815493426 6 589
1717815493496 6 599
1717815493564 6 609
1717815493633 6 619
1717815493707 6 629
1717815493768 6 639
1717815493841 6 649
1717815493920 6 659
1717815493995 6 669
1717815500536 6 671
1717815507010 7 679
1717815507083 7 689
1717815507156 7 699
1717815507231 7 709
1717815507311 7 719
1717815507381 7 729
1717815507456 7 739
1717815507527 7 749
1717815507594 7 759
1717815514128 7 767
1717815520460 8 769
1717815520679 8 779
1717815520746 8 789
1717815520817 8 799
1717815520888 8 809
1717815520964 8 819
1717815521041 8 829
1717815521115 8 839
1717815521183 8 849
1717815521252 8 859
1717815527766 8 863
1717815534589 9 869
1717815534662 9 879
1717815534746 9 889
1717815534824 9 899
1717815534895 9 909
1717815534970 9 919
1717815535051 9 929
1717815535121 9 939
1717815535188 9 949
1717815535257 9 959
1717815541740 9 959
1717815548265 10 969
1717815548335 10 979
1717815548413 10 989
1717815548487 10 999
1717815548560 10 1009
1717815548633 10 1019
1717815548706 10 1029
1717815548780 10 1039
1717815548846 10 1049
1717815555438 10 1055
1717815562186 11 1059
1717815562399 11 1069
1717815562466 11 1079
1717815562530 11 1089
1717815562601 11 1099
1717815562672 11 1109
1717815562746 11 1119
1717815562824 11 1129
1717815562895 11 1139
1717815562964 11 1149
1717815569406 11 1151
1717815575891 12 1159
1717815575968 12 1169
1717815576035 12 1179
1717815576103 12 1189
1717815576173 12 1199
1717815576251 12 1209
1717815576333 12 1219
1717815576404 12 1229
1717815576472 12 1239
1717815583149 12 1247
1717815589317 13 1249
1717815589705 13 1259
1717815589778 13 1269
1717815589848 13 1279
1717815589921 13 1289
1717815589988 13 1299
1717815590052 13 1309
1717815590125 13 1319
1717815590210 13 1329
1717815590272 13 1339
1717815596776 13 1343
1717815603286 14 1349
1717815603372 14 1359
1717815603443 14 1369
1717815603511 14 1379
1717815603580 14 1389
1717815603648 14 1399
1717815603720 14 1409
1717815603788 14 1419
1717815603861 14 1429
1717815603936 14 1439
1717815610906 14 1439
1717815617375 15 1449
1717815617446 15 1459
1717815617519 15 1469
1717815617592 15 1479
1717815617666 15 1489
1717815617744 15 1499
1717815617816 15 1509
1717815617887 15 1519
1717815617951 15 1529
1717815624467 15 1535
1717815630946 16 1539
1717815631022 16 1549
1717815631093 16 1559
1717815631161 16 1569
1717815631230 16 1579
1717815631300 16 1589
1717815631370 16 1599
1717815631439 16 1609
1717815631508 16 1619
1717815631579 16 1629
1717815638111 16 1631
1717815644627 17 1639
1717815644695 17 1649
1717815644763 17 1659
1717815644832 17 1669
1717815644901 17 1679
1717815644967 17 1689
1717815645042 17 1699
1717815645113 17 1709
1717815645180 17 1719
1717815652099 17 1727
1717815658448 18 1729
1717815658750 18 1739
1717815658827 18 1749
1717815658922 18 1759
1717815659028 18 1769
1717815659133 18 1779
1717815659221 18 1789
1717815659299 18 1799
1717815659377 18 1809
1717815659448 18 1819
1717815665972 18 1823
1717815672574 19 1829
1717815672647 19 1839
1717815672724 19 1849
1717815672798 19 1859
1717815672866 19 1869
1717815672935 19 1879
1717815673014 19 1889
1717815673086 19 1899
1717815673162 19 1909
1717815673234 19 1919
1717815679678 19 1919
1717815686386 20 1929
1717815686474 20 1939
1717815686579 20 1949
1717815686684 20 1959
1717815686788 20 1969
1717815686891 20 1979
1717815686982 20 1989
1717815687057 20 1999
1717815687142 20 2009
1717815693750 20 2015
1717815700195 21 2019
1717815700272 21 2029
1717815700350 21 2039
1717815700425 21 2049
1717815700498 21 2059
1717815700568 21 2069
1717815700640 21 2079
1717815700712 21 2089
1717815700785 21 2099
1717815700859 21 2109
1717815707346 21 2111
1717815713921 22 2119
1717815713990 22 2129
1717815714061 22 2139
1717815714130 22 2149
1717815714195 22 2159
1717815714269 22 2169
1717815714343 22 2179
1717815714411 22 2189
1717815714480 22 2199
1717815721022 22 2207
1717815727220 23 2209
1717815727519 23 2219
1717815727598 23 2229
1717815727673 23 2239
1717815727747 23 2249
1717815727821 23 2259
1717815727891 23 2269
1717815727959 23 2279
1717815728028 23 2289
1717815728105 23 2299
1717815734645 23 2303
1717815741164 24 2309
1717815741245 24 2319
1717815741317 24 2329
1717815741387 24 2339
1717815741467 24 2349
1717815741536 24 2359
1717815741609 24 2369
1717815741681 24 2379
1717815741754 24 2389
1717815741826 24 2399
1717815748286 24 2399
1717815754849 25 2409
1717815754920 25 2419
1717815754997 25 2429
1717815755070 25 2439
1717815755142 25 2449
1717815755210 25 2459
1717815755279 25 2469
1717815755346 25 2479
1717815755419 25 2489
1717815761956 25 2495
1717815768335 26 2499
1717815768489 26 2509
1717815768555 26 2519
1717815768627 26 2529
1717815768698 26 2539
1717815768769 26 2549
1717815768836 26 2559
1717815768909 26 2569
1717815768973 26 2579
1717815769039 26 2589
1717815775711 26 2591
1717815782411 27 2599
1717815782483 27 2609
1717815782550 27 2619
1717815782619 27 2629
1717815782683 27 2639
1717815782752 27 2649
1717815782842 27 2659
1717815782917 27 2669
1717815782985 27 2679
1717815789586 27 2687
1717815796239 28 2689
1717815796333 28 2699
1717815796402 28 2709
1717815796469 28 2719
1717815796541 28 2729
1717815796612 28 2739
1717815796679 28 2749
1717815796748 28 2759
1717815796821 28 2769
1717815796887 28 2779
1717815803435 28 2783
1717815809967 29 2789
1717815810036 29 2799
1717815810102 29 2809
1717815810170 29 2819
1717815810238 29 2829
1717815810308 29 2839
1717815810385 29 2849
1717815810460 29 2859
1717815810530 29 2869
1717815810596 29 2879
1717815817143 29 2879
1717815826059 30 2880
