1717815411456 0.33784085512161255 9
1717815411530 0.23609107732772827 19
1717815411599 0.21462120115756989 29
1717815411673 0.4719933271408081 39
1717815411738 0.038347963243722916 49
1717815411808 0.30796054005622864 59
1717815411883 0.36305657029151917 69
1717815411951 0.16799002885818481 79
1717815412016 0.16831979155540466 89
1717815425118 0.10885745286941528 99
1717815425284 0.12154986709356308 109
1717815425356 0.16628344357013702 119
1717815425428 0.15405459702014923 129
1717815425502 0.19001509249210358 139
1717815425575 0.11459088325500488 149
1717815425649 0.1737366020679474 159
1717815425715 0.12156616151332855 169
1717815425785 0.1951000988483429 179
1717815425853 0.11036209017038345 189
1717815438757 0.11371548473834991 199
1717815438824 0.11622612923383713 209
1717815438891 0.08706691861152649 219
1717815438960 0.16513486206531525 229
1717815439031 0.2954389154911041 239
1717815439101 0.1205427274107933 249
1717815439170 0.23214218020439148 259
1717815439235 0.06704962998628616 269
1717815439304 0.14496946334838867 279
1717815452041 0.3699002265930176 289
1717815452308 0.17511922121047974 299
1717815452380 0.24204228818416595 309
1717815452445 0.2356739193201065 319
1717815452516 0.12709946930408478 329
1717815452588 0.14233843982219696 339
1717815452655 0.20116731524467468 349
1717815452721 0.17349755764007568 359
1717815452795 0.10435090214014053 369
1717815452869 0.1532389223575592 379
1717815466313 0.14505521953105927 389
1717815466391 0.16658885776996613 399
1717815466458 0.08249474316835403 409
1717815466525 0.09950082749128342 419
1717815466590 0.20135320723056793 429
1717815466661 0.08809749037027359 439
1717815466732 0.1581389456987381 449
1717815466800 0.23944322764873505 459
1717815466870 0.17794033885002136 469
1717815466939 0.11094661802053452 479
1717815479877 0.23022374510765076 489
1717815479947 0.24630655348300934 499
1717815480019 0.06792064011096954 509
1717815480093 0.15527884662151337 519
1717815480166 0.1721464842557907 529
1717815480243 0.08718938380479813 539
1717815480317 0.1254815310239792 549
1717815480384 0.019074661657214165 559
1717815480456 0.07985347509384155 569
1717815493312 0.06933096051216125 579
1717815493426 0.07280519604682922 589
1717815493496 0.1255701184272766 599
1717815493564 0.11440001428127289 609
1717815493633 0.05191422253847122 619
1717815493707 0.14928875863552094 629
1717815493768 0.10282775014638901 639
1717815493841 0.14702686667442322 649
1717815493920 0.14148664474487305 659
1717815493995 0.12668395042419434 669
1717815507010 0.13377220928668976 679
1717815507083 0.15295466780662537 689
1717815507156 0.07922176271677017 699
1717815507231 0.21110454201698303 709
1717815507311 0.15840142965316772 719
1717815507381 0.12425506860017776 729
1717815507456 0.0707593783736229 739
1717815507527 0.06994877010583878 749
1717815507594 0.09723258018493652 759
1717815520460 0.06068476289510727 769
1717815520679 0.09550362825393677 779
1717815520746 0.10799417644739151 789
1717815520817 0.21934297680854797 799
1717815520888 0.12815995514392853 809
1717815520964 0.14248624444007874 819
1717815521041 0.06183047592639923 829
1717815521115 0.13309918344020844 839
1717815521183 0.18326357007026672 849
1717815521252 0.07449473440647125 859
1717815534589 0.06005416810512543 869
1717815534662 0.12929046154022217 879
1717815534746 0.14842639863491058 889
1717815534824 0.08844946324825287 899
1717815534895 0.06250029057264328 909
1717815534970 0.12054405361413956 919
1717815535051 0.11532099545001984 929
1717815535121 0.1871909201145172 939
1717815535188 0.1586141288280487 949
1717815535257 0.14976607263088226 959
1717815548265 0.13667690753936768 969
1717815548335 0.09521539509296417 979
1717815548413 0.11106085777282715 989
1717815548487 0.07005708664655685 999
1717815548560 0.06660942733287811 1009
1717815548633 0.15111306309700012 1019
1717815548706 0.11048301309347153 1029
1717815548780 0.09061753004789352 1039
1717815548846 0.20284686982631683 1049
1717815562186 0.16865837574005127 1059
1717815562399 0.07735520601272583 1069
1717815562466 0.1188654825091362 1079
1717815562530 0.09779070317745209 1089
1717815562601 0.04357517883181572 1099
1717815562672 0.08379298448562622 1109
1717815562746 0.11688772588968277 1119
1717815562824 0.06151028349995613 1129
1717815562895 0.27223867177963257 1139
1717815562964 0.14881367981433868 1149
1717815575891 0.05590801686048508 1159
1717815575968 0.23991850018501282 1169
1717815576035 0.302936315536499 1179
1717815576103 0.0996028259396553 1189
1717815576173 0.1879371553659439 1199
1717815576251 0.16728517413139343 1209
1717815576333 0.21146945655345917 1219
1717815576404 0.10459714382886887 1229
1717815576472 0.10717460513114929 1239
1717815589317 0.10830623656511307 1249
1717815589705 0.26867759227752686 1259
1717815589778 0.1328020542860031 1269
1717815589848 0.04160282760858536 1279
1717815589921 0.18079663813114166 1289
1717815589988 0.13585686683654785 1299
1717815590052 0.11176222562789917 1309
1717815590125 0.1463916003704071 1319
1717815590210 0.048476193100214005 1329
1717815590272 0.14074233174324036 1339
1717815603286 0.16794155538082123 1349
1717815603372 0.08524598926305771 1359
1717815603443 0.05076638609170914 1369
1717815603511 0.09040090441703796 1379
1717815603580 0.12180005759000778 1389
1717815603648 0.0969826951622963 1399
1717815603720 0.08430519700050354 1409
1717815603788 0.15711723268032074 1419
1717815603861 0.14186614751815796 1429
1717815603936 0.10844770818948746 1439
1717815617375 0.21929886937141418 1449
1717815617446 0.1142410933971405 1459
1717815617519 0.10581443458795547 1469
1717815617592 0.06694711744785309 1479
1717815617666 0.17927545309066772 1489
1717815617744 0.23805394768714905 1499
1717815617816 0.07544233649969101 1509
1717815617887 0.11450263857841492 1519
1717815617951 0.134268119931221 1529
1717815630946 0.12628841400146484 1539
1717815631022 0.30173829197883606 1549
1717815631093 0.11556240171194077 1559
1717815631161 0.09731682389974594 1569
1717815631230 0.09872440993785858 1579
1717815631300 0.10658059269189835 1589
1717815631370 0.14618851244449615 1599
1717815631439 0.19253169000148773 1609
1717815631508 0.3114018738269806 1619
1717815631579 0.05689877271652222 1629
1717815644627 0.07965178042650223 1639
1717815644695 0.11320317536592484 1649
1717815644763 0.057731326669454575 1659
1717815644832 0.07410275936126709 1669
1717815644901 0.11747465282678604 1679
1717815644967 0.13088375329971313 1689
1717815645042 0.124299056828022 1699
1717815645113 0.33336934447288513 1709
1717815645180 0.28051257133483887 1719
1717815658448 0.07269469648599625 1729
1717815658750 0.073825404047966 1739
1717815658827 0.12610802054405212 1749
1717815658922 0.08866027742624283 1759
1717815659028 0.196579709649086 1769
1717815659133 0.06933269649744034 1779
1717815659221 0.02949482947587967 1789
1717815659299 0.07033559679985046 1799
1717815659377 0.14832089841365814 1809
1717815659448 0.08114858716726303 1819
1717815672574 0.1220383420586586 1829
1717815672647 0.07223700731992722 1839
1717815672724 0.10273092985153198 1849
1717815672798 0.15556493401527405 1859
1717815672866 0.12297545373439789 1869
1717815672935 0.0702090784907341 1879
1717815673014 0.12548190355300903 1889
1717815673086 0.09862904995679855 1899
1717815673162 0.20977559685707092 1909
1717815673234 0.08368648588657379 1919
1717815686386 0.06964842975139618 1929
1717815686474 0.13086660206317902 1939
1717815686579 0.14292950928211212 1949
1717815686684 0.13317567110061646 1959
1717815686788 0.15189194679260254 1969
1717815686891 0.15465664863586426 1979
1717815686982 0.07808440923690796 1989
1717815687057 0.07156576216220856 1999
1717815687142 0.14905424416065216 2009
1717815700195 0.05959172546863556 2019
1717815700272 0.052116040140390396 2029
1717815700350 0.23710861802101135 2039
1717815700425 0.10290165990591049 2049
1717815700498 0.259488970041275 2059
1717815700568 0.10895773023366928 2069
1717815700640 0.06531617045402527 2079
1717815700712 0.16410191357135773 2089
1717815700785 0.10586704313755035 2099
1717815700859 0.1209128126502037 2109
1717815713921 0.07377926260232925 2119
1717815713990 0.07146254181861877 2129
1717815714061 0.1069801077246666 2139
1717815714130 0.24381767213344574 2149
1717815714195 0.12333951890468597 2159
1717815714269 0.23856329917907715 2169
1717815714343 0.12332803010940552 2179
1717815714411 0.11469683051109314 2189
1717815714480 0.14602480828762054 2199
1717815727220 0.16715317964553833 2209
1717815727519 0.09169228374958038 2219
1717815727598 0.3313292860984802 2229
1717815727673 0.03020620159804821 2239
1717815727747 0.06452611833810806 2249
1717815727821 0.08389385789632797 2259
1717815727891 0.16384977102279663 2269
1717815727959 0.07007255405187607 2279
1717815728028 0.07366585731506348 2289
1717815728105 0.16085033118724823 2299
1717815741164 0.08654770255088806 2309
1717815741245 0.20657798647880554 2319
1717815741317 0.1053864061832428 2329
1717815741387 0.12604403495788574 2339
1717815741467 0.08006595820188522 2349
1717815741536 0.058214277029037476 2359
1717815741609 0.0858646109700203 2369
1717815741681 0.0638253390789032 2379
1717815741754 0.2880617678165436 2389
1717815741826 0.16088411211967468 2399
1717815754849 0.033564984798431396 2409
1717815754920 0.03643348440527916 2419
1717815754997 0.390476256608963 2429
1717815755070 0.07639946043491364 2439
1717815755142 0.08172890543937683 2449
1717815755210 0.11173476278781891 2459
1717815755279 0.1042894646525383 2469
1717815755346 0.09908738732337952 2479
1717815755419 0.09937570989131927 2489
1717815768335 0.08698193728923798 2499
1717815768489 0.050493430346250534 2509
1717815768555 0.09572167694568634 2519
1717815768627 0.2039448618888855 2529
1717815768698 0.11166094988584518 2539
1717815768769 0.10275087505578995 2549
1717815768836 0.1808672547340393 2559
1717815768909 0.054463837295770645 2569
1717815768973 0.2744992673397064 2579
1717815769039 0.16989728808403015 2589
1717815782411 0.0895911380648613 2599
1717815782483 0.09587649255990982 2609
1717815782550 0.08962029963731766 2619
1717815782619 0.1441395878791809 2629
1717815782683 0.21311049163341522 2639
1717815782752 0.08042921870946884 2649
1717815782842 0.14635883271694183 2659
1717815782917 0.11521216481924057 2669
1717815782985 0.04476052150130272 2679
1717815796239 0.09195070713758469 2689
1717815796333 0.12382250279188156 2699
1717815796402 0.08226745575666428 2709
1717815796469 0.08222050964832306 2719
1717815796541 0.08367705345153809 2729
1717815796612 0.07645515352487564 2739
1717815796679 0.10223923623561859 2749
1717815796748 0.05585084110498428 2759
1717815796821 0.07042089104652405 2769
1717815796887 0.15908613801002502 2779
1717815809967 0.10154562443494797 2789
1717815810036 0.16514527797698975 2799
1717815810102 0.1197420135140419 2809
1717815810170 0.12170127779245377 2819
1717815810238 0.07211290299892426 2829
1717815810308 0.2251514047384262 2839
1717815810385 0.08795392513275146 2849
1717815810460 0.14718350768089294 2859
1717815810530 0.1582697182893753 2869
1717815810596 0.15338453650474548 2879
