1717774919697 0 9
1717774919752 0 19
1717774925713 0 23
1717774932413 1 29
1717774932476 1 39
1717774938825 1 47
1717774945049 2 49
1717774945310 2 59
1717774945365 2 69
1717774952282 2 71
1717774958855 3 79
1717774958907 3 89
1717774965222 3 95
1717774971760 4 99
1717774971809 4 109
1717774971862 4 119
1717774977893 4 119
1717774984469 5 129
1717774984529 5 139
1717774990766 5 143
1717774997276 6 149
1717774997329 6 159
1717775003381 6 167
1717775010469 7 169
1717775010595 7 179
1717775010642 7 189
1717775016681 7 191
1717775023247 8 199
1717775023300 8 209
1717775029522 8 215
1717775036086 9 219
1717775036141 9 229
1717775036195 9 239
1717775042259 9 239
1717775048856 10 249
1717775048905 10 259
1717775055078 10 263
1717775061660 11 269
1717775061713 11 279
1717775067827 11 287
1717775074287 12 289
1717775074439 12 299
1717775074494 12 309
1717775080649 12 311
1717775087198 13 319
1717775087256 13 329
1717775093360 13 335
1717775099873 14 339
1717775099945 14 349
1717775099998 14 359
1717775106107 14 359
1717775112671 15 369
1717775112722 15 379
1717775118749 15 383
1717775125306 16 389
1717775125362 16 399
1717775131472 16 407
1717775137999 17 409
1717775138057 17 419
1717775138114 17 429
1717775144207 17 431
1717775150873 18 439
1717775150926 18 449
1717775156958 18 455
1717775163481 19 459
1717775163537 19 469
1717775163590 19 479
1717775169649 19 479
1717775176272 20 489
1717775176325 20 499
1717775182355 20 503
1717775188883 21 509
1717775188948 21 519
1717775195117 21 527
1717775201351 22 529
1717775201660 22 539
1717775201714 22 549
1717775207861 22 551
1717775214441 23 559
1717775214498 23 569
1717775220572 23 575
1717775227027 24 579
1717775227083 24 589
1717775227136 24 599
1717775233230 24 599
1717775239849 25 609
1717775239902 25 619
1717775246008 25 623
1717775252581 26 629
1717775252636 26 639
1717775259183 26 647
1717775265695 27 649
1717775265774 27 659
1717775265826 27 669
1717775272202 27 671
1717775278717 28 679
1717775278769 28 689
1717775284940 28 695
1717775291414 29 699
1717775291496 29 709
1717775291552 29 719
1717775297665 29 719
1717775304273 30 729
1717775304330 30 739
1717775310503 30 743
1717775317084 31 749
1717775317139 31 759
1717775323190 31 767
1717775329712 32 769
1717775329771 32 779
1717775329827 32 789
1717775335854 32 791
1717775342427 33 799
1717775342480 33 809
1717775348560 33 815
1717775354938 34 819
1717775355112 34 829
1717775355162 34 839
1717775361316 34 839
1717775367922 35 849
1717775367976 35 859
1717775374013 35 863
1717775380545 36 869
1717775380598 36 879
1717775386846 36 887
1717775393340 37 889
1717775393397 37 899
1717775393447 37 909
1717775399754 37 911
1717775406327 38 919
1717775406381 38 929
1717775413165 38 935
1717775419876 39 939
1717775419940 39 949
1717775419992 39 959
1717775426385 39 959
1717775433147 40 969
1717775433201 40 979
1717775439450 40 983
1717775445994 41 989
1717775446042 41 999
1717775452178 41 1007
1717775458717 42 1009
1717775458858 42 1019
1717775458910 42 1029
1717775465031 42 1031
1717775472303 43 1039
1717775472352 43 1049
1717775478629 43 1055
1717775485254 44 1059
1717775485310 44 1069
1717775485364 44 1079
1717775491622 44 1079
1717775498305 45 1089
1717775498358 45 1099
1717775504427 45 1103
1717775511046 46 1109
1717775511094 46 1119
1717775517232 46 1127
1717775524053 47 1129
1717775524125 47 1139
1717775524205 47 1149
1717775530961 47 1151
1717775537727 48 1159
1717775537780 48 1169
1717775544071 48 1175
1717775550589 49 1179
1717775550659 49 1189
1717775550709 49 1199
1717775556905 49 1199
1717775563460 50 1209
1717775563513 50 1219
1717775569674 50 1223
1717775576296 51 1229
1717775576347 51 1239
1717775582552 51 1247
1717775588980 52 1249
1717775589222 52 1259
1717775589276 52 1269
1717775595349 52 1271
1717775601930 53 1279
1717775601981 53 1289
1717775608078 53 1295
1717775614659 54 1299
1717775614713 54 1309
1717775614761 54 1319
1717775620951 54 1319
1717775627844 55 1329
1717775627901 55 1339
1717775634068 55 1343
1717775640606 56 1349
1717775640662 56 1359
1717775646768 56 1367
