1717774919697 0.3510156273841858 9
1717774919752 0.21493873000144958 19
1717774932413 0.2798490524291992 29
1717774932476 0.24983537197113037 39
1717774945049 0.2921387255191803 49
1717774945310 0.2044352889060974 59
1717774945365 0.13549765944480896 69
1717774958855 0.21693070232868195 79
1717774958907 0.1473630666732788 89
1717774971760 0.14048193395137787 99
1717774971809 0.2764549255371094 109
1717774971862 0.23739506304264069 119
1717774984469 0.20349514484405518 129
1717774984529 0.19591036438941956 139
1717774997276 0.2527354657649994 149
1717774997329 0.19458048045635223 159
1717775010469 0.1598554402589798 169
1717775010595 0.11689015477895737 179
1717775010642 0.18247120082378387 189
1717775023247 0.11578501015901566 199
1717775023300 0.16996243596076965 209
1717775036086 0.12819260358810425 219
1717775036141 0.11393732577562332 229
1717775036195 0.1854819506406784 239
1717775048856 0.19791439175605774 249
1717775048905 0.11721160262823105 259
1717775061660 0.20646418631076813 269
1717775061713 0.09733301401138306 279
1717775074287 0.12597541511058807 289
1717775074439 0.17406409978866577 299
1717775074494 0.2562948167324066 309
1717775087198 0.11071281135082245 319
1717775087256 0.15994064509868622 329
1717775099873 0.1383500099182129 339
1717775099945 0.16302204132080078 349
1717775099998 0.13586710393428802 359
1717775112671 0.09244541078805923 369
1717775112722 0.12293346226215363 379
1717775125306 0.08479838818311691 389
1717775125362 0.15203413367271423 399
1717775137999 0.11528854072093964 409
1717775138057 0.22193293273448944 419
1717775138114 0.1308629959821701 429
1717775150873 0.16086837649345398 439
1717775150926 0.23139098286628723 449
1717775163481 0.15395988523960114 459
1717775163537 0.06752432882785797 469
1717775163590 0.10740049928426743 479
1717775176272 0.13052500784397125 489
1717775176325 0.10631158947944641 499
1717775188883 0.20472511649131775 509
1717775188948 0.10622508078813553 519
1717775201351 0.17930996417999268 529
1717775201660 0.13315510749816895 539
1717775201714 0.12423668801784515 549
1717775214441 0.1079735979437828 559
1717775214498 0.14787976443767548 569
1717775227027 0.11331482231616974 579
1717775227083 0.15506884455680847 589
1717775227136 0.11739804595708847 599
1717775239849 0.14754562079906464 609
1717775239902 0.16536466777324677 619
1717775252581 0.11415821313858032 629
1717775252636 0.12283187359571457 639
1717775265695 0.11137261241674423 649
1717775265774 0.11416035890579224 659
1717775265826 0.183115616440773 669
1717775278717 0.13047711551189423 679
1717775278769 0.06735723465681076 689
1717775291414 0.10894883424043655 699
1717775291496 0.11207021772861481 709
1717775291552 0.11610322445631027 719
1717775304273 0.11917347460985184 729
1717775304330 0.10689565539360046 739
1717775317084 0.20932817459106445 749
1717775317139 0.1964964121580124 759
1717775329712 0.1663733422756195 769
1717775329771 0.11151901632547379 779
1717775329827 0.13851428031921387 789
1717775342427 0.11630574613809586 799
1717775342480 0.19919990003108978 809
1717775354938 0.09501723945140839 819
1717775355112 0.10978631675243378 829
1717775355162 0.11721393465995789 839
1717775367922 0.10349269211292267 849
1717775367976 0.1404915750026703 859
1717775380545 0.13493746519088745 869
1717775380598 0.15304142236709595 879
1717775393340 0.15375851094722748 889
1717775393397 0.12347882241010666 899
1717775393447 0.09038029611110687 909
1717775406327 0.12458311766386032 919
1717775406381 0.11129831522703171 929
1717775419876 0.16656562685966492 939
1717775419940 0.14732393622398376 949
1717775419992 0.06399589031934738 959
1717775433147 0.09757424145936966 969
1717775433201 0.12283074855804443 979
1717775445994 0.16220329701900482 989
1717775446042 0.0867178738117218 999
1717775458717 0.1335778832435608 1009
1717775458858 0.09207739681005478 1019
1717775458910 0.13929660618305206 1029
1717775472303 0.17634080350399017 1039
1717775472352 0.09673242270946503 1049
1717775485254 0.131450816988945 1059
1717775485310 0.08580421656370163 1069
1717775485364 0.11079398542642593 1079
1717775498305 0.1599595546722412 1089
1717775498358 0.07877524197101593 1099
1717775511046 0.11268381774425507 1109
1717775511094 0.0880458801984787 1119
1717775524053 0.1374501734972 1129
1717775524125 0.12960185110569 1139
1717775524205 0.09415114670991898 1149
1717775537727 0.11909230053424835 1159
1717775537780 0.21463505923748016 1169
1717775550589 0.15562395751476288 1179
1717775550659 0.08846995234489441 1189
1717775550709 0.13747261464595795 1199
1717775563460 0.06226329505443573 1209
1717775563513 0.10711658746004105 1219
1717775576296 0.12136373668909073 1229
1717775576347 0.1118282899260521 1239
1717775588980 0.0995466560125351 1249
1717775589222 0.22936591506004333 1259
1717775589276 0.14387930929660797 1269
1717775601930 0.09163220971822739 1279
1717775601981 0.1051059365272522 1289
1717775614659 0.12768344581127167 1299
1717775614713 0.15377096831798553 1309
1717775614761 0.11668922007083893 1319
1717775627844 0.09282352775335312 1329
1717775627901 0.059186339378356934 1339
1717775640606 0.1281476467847824 1349
1717775640662 0.16742342710494995 1359
